0,3,6,2,4,1,5
0,6,5,1,3,2
0,4,6,3,2,5,1,10
0,6,2,3,4,1
0,6,3,2,4,1,5
0,6,4,3,2,1
0,6,4,3,2
0,6,2,4,3,5,1
0,6,4,3,2,5,1
0,6,4,8,2,3,5,1
0,6,2,3,8,8,8,8
0,6,3,2,4,1
0,6,4,3,5,1
0,6,4,2,3,5,1
0,6,4,5,2,1,9,9
0,6,4,3,2
0,6,4,2,5,1
0,6,2,4,3,5,1
0,6,4,3,2,8,8,5
0,6,5,2,4,3,1
0,4,6,11,5,1,2,3
0,6,3,2,4
0,6,4,2,3,5,1,8,8,8,8
0,6,4,3,2
0,6,4,3,10,8
0,6,4,3,2,1
0,6,3,2,5,1,4,8,8
0,6,4,3,2,1
0,6,2,3,4,9,5,1,8,8
0,6,4,3,2,1,5
0,4,6,1,2,3,5,9,9
0,4,6,3,2,5,1,8,8
0,6,3,4,2,5,1
0,6,3,2,4
0,6,4,3,2,7,5,1,8
0,6,2,3,4
0,6,2,4,3,5,11,1,8
0,6,3,2,4,1
0,6,3,2,8,8,4,5
0,6,4,3,2,1
0,6,4,2,5
0,6,3,2,5,1
0,3,6,4,2,1,5
0,6,4,2,3,1,5
0,4,6,3,2,1,5
0,4,6,3,2,1
0,6,4,1
0,6,4,5,2,3,11,1
0,4,6,3,2,11,1,5
0,4,6,3,2,1,5,8,9
0,6,3,2,4,5
0,6,4,3,5,1
0,6,2,3,4,8,8,8,5,1
0,6,4,5,2,3,1,8,8,8,8
0,4,6,2,3,5,1,8,8
0,6,4,2,3,1
0,5,6,4,2
0,6,5,3,2,4,1
0,6,3,2,1,9,9,5,4
0,6,4,2,3,8,8,5
0,4,6,3,5,11
0,6,4,3,2,5,1
0,6,5,1,2,3,4
0,10,6,4,2,3,9
0,6,4,5,2,3,1
0,6,3,2,4
0,6,4,5,1,3,2
0,4,6,2,3,5,1
0,6,3,4,2,5,1,8,8
0,6,2,3,1
0,6,3,4,9,9,5,11,1
0,2,6,4,3,5,1,8
0,6,4,2,3,9,9,5
0,6,4,3,2,1
0,6,3,4,2,1,5
0,6,2,3,4
0,6,4,5,2,3,1
0,4,6,2,3,1,9,9
0,6,2,3,4,5,1
0,6,2,4,5,11,1,3
