0,9,1,2,5,6,3,4,10
0,1,2,5,6,8,7,10
0,1,2,6,9
0,9,7,8,3,4,1,2,5,6
0,9,1,2,5,6,4,3
0,9,1,2,4,3,5,6,7,8
0,2,1,5,6,4,3,9,10,8,7
0,9,1,2,5,6
0,10,3,1,4,5,6,7,9,8
0,5,1,2,9,6,3,4,7,8
0,9,1,2,5,6
0,9,1,2,3,4,5,6
0,9,1,2,3,4,5,6,8,7
0,9,3,2,5,6,8,7
0,9,7,1,2,4,3,5,6,8,10
0,2,1,4,3,5,6,9
0,9,3,4,5,1,2,6
0,10,3,4,1,2,5,6,7,8
0,9,1,2,5,6
0,1,2,3,4,5,6,9
0,9,1,2,3,4,5,6,10
0,9,3,4,1,2,5,6
0,9,2,5,6,4,1,3,7,8,10
0,9,6,1,2,5,10,7,8
0,9,1,2,5,6,7,8
0,9,7,8,3,4,1,2,5,6,10
0,9,5,3,4,2,1,6,10
0,10,2,4,6
0,9,10,3,4,5,6,1,7,8,2
0,9,1,2,5,6
0,9,1,2,4,3,5,6,8,7,10
0,9,4,3,2,1,5,6
0,9,1,2,5,6,7,8
0,9,1,2,5,6
0,9,3,1,4,2,5,6
0,10,1,2,6,8,7
0,9,1,2,5,6,7,8,10,3,4
0,9,10,3,4,1,2,5,6,8,7
0,9,10,1,2,7,8
0,9,1,2,5,6
