[2, 4, 5, 6]/1
[1, 4]/1
[1, 1, 1, 5, 6]/1
[4, 9, 10]/1
[1, 2, 3, 4, 6]/1
[2, 5]/1
[3, 4, 6]/7
[1, 1, 1, 5]/1
[1, 2, 3, 6]/4
[1, 1, 1, 1, 1, 1, 9]/1
===1===
[]/218
[1]/82
[2, 3, 5, 9]/1
[1, 8, 8, 8, 8]/2
===2===
[1, 4, 11]/1
[]/34
[5, 8, 8]/2
[1, 7, 8]/1
[1, 1, 5, 8, 8]/1
[1, 5]/1
[1, 1]/28
[1, 1, 1, 1, 1]/1
===3===
[]/35
[1, 1, 9, 9]/1
[5, 8, 8]/1
[1, 1, 5, 10]/1
[11]/1
[8, 8, 8, 8]/1
[1, 1]/17
[1, 1, 1]/2
[5]/8
===4===
[]/40
[1, 8]/2
[1]/9
[1, 1]/2
[1, 1, 3]/1
===5===
[]/32
[1, 8]/1
[1]/5
[1, 11]/1
===6===
[2, 3]/14
[1, 2, 5, 8, 8]/1
[]/4
[1, 4]/2
[1, 1, 2, 4, 8]/1
[2, 5]/2
[1, 1, 3, 4, 5]/1
[1, 1, 1, 1, 2, 9, 9]/1
[1, 1, 3, 4, 8, 8]/1
[1, 1, 1, 1, 1, 2, 3]/1
[5]/4
[1, 1, 1, 2, 4, 5]/3
[1, 3, 5, 9, 9]/1
[1, 1, 1, 2]/4
[1, 2]/1
[2, 3, 4, 5]/5
[1, 1, 1, 1]/2
[3, 4, 10]/1
[2, 3, 4]/25
[1, 1, 1, 2, 3, 4, 5]/2
===7===
[1, 5]/1
===8===
[]/30
===9===
[]/8
[1, 1]/1
===10===
[3, 6]/1
[]/2
===11===
[1, 1, 8]/1
[1, 1, 1, 1, 2, 3, 4]/1
[1, 1, 1]/1
XXXXXX
===0===
[6]/61
[2, 4, 5, 6]/1
[1, 4]/1
[1, 1, 1, 1, 1, 1, 1, 9]/1
[4, 9, 10]/1
[1, 2, 3, 4, 6]/1
[1, 1, 5, 6]/1
[3, 4, 6]/7
[1, 1, 1, 5]/1
[1, 2, 3, 6]/4
[1, 2, 5]/1
===1===
[]/222
[1]/78
[2, 3, 5, 9]/1
[1, 8, 8, 8, 8]/2
===2===
[]/34
[1, 1, 1, 1]/1
[5, 8, 8]/2
[1, 5]/1
[11]/1
[1, 1]/28
[1, 5, 7, 8]/1
[1, 1, 1, 5, 8, 8]/1
===3===
[]/35
[1, 1, 9, 9]/1
[5, 8, 8]/1
[8, 8, 8, 8]/1
[1, 1]/20
[1, 5, 10]/1
[5]/8
===4===
[]/35
[1, 8]/2
[1]/14
[1, 1]/2
[1, 1, 1]/1
===5===
[]/35
[1, 8]/1
[1]/2
[1, 1, 11]/1
===6===
[2, 3]/12
[1, 2, 5, 8, 8]/1
[]/5
[4, 10]/1
[1, 4]/1
[2, 5]/2
[1, 1, 3, 5, 9, 9]/1
[1, 1, 1, 1, 2, 9, 9]/1
[1, 1, 3, 4, 8, 8]/1
[1, 1, 1, 1, 1, 2, 3]/1
[5]/3
[1, 1, 1, 2, 4, 5]/3
[1, 1, 1, 2]/4
[1, 2, 3]/1
[1, 2]/1
[3, 4, 5]/1
[2, 3, 4, 5]/5
[1, 1, 1, 1]/2
[2, 3, 4]/25
[1, 1, 3, 4]/1
[2, 3, 4, 5, 11]/1
[1, 1, 1, 2, 4, 8]/1
[1, 1, 1, 2, 3, 4, 5]/2
===7===
[1]/1
===8===
[]/30
===9===
[]/8
[1]/1
===10===
[3, 6]/1
[]/1
[3]/1
===11===
[1, 1, 8]/1
[1, 1, 1, 1, 2, 3, 4]/1
[1, 1, 1]/1
XXXXXX
===0===
[6]/61
[2, 4, 5, 6]/1
[1, 1, 1, 1, 1, 1, 1]/1
[1, 4]/1
[4, 9, 10]/1
[1, 2, 3, 4, 6]/1
[1, 5]/1
[3, 4, 6]/7
[1, 2, 3, 6]/4
[1, 2, 5]/1
[1, 1, 4, 5, 6]/1
===1===
[]/225
[2, 3, 5, 9, 9]/1
[1]/74
[1, 1]/1
[1, 8, 8, 8, 8]/2
===2===
[]/35
[1, 1, 1, 1]/1
[5, 8, 8]/2
[1, 5]/1
[1, 1]/28
[1, 5, 7, 8]/1
[1, 1, 1, 5, 8, 8]/1
===3===
[]/36
[1, 1, 9, 9]/1
[5, 8, 8]/1
[1, 1, 5, 10]/1
[8, 8, 8, 8]/1
[1, 1]/20
[5]/7
===4===
[]/37
[1, 8]/2
[1]/13
[1, 1]/1
[1, 1, 1]/1
===5===
[]/33
[1, 8]/1
[1]/3
[1, 1, 2, 11]/1
[11]/1
===6===
[]/5
[4, 10]/1
[2, 5]/2
[1, 1, 3, 5, 9, 9]/1
[5]/3
[1, 1, 1, 2, 4, 5]/3
[1, 1, 1, 2]/4
[1, 1, 1, 3, 4]/1
[1, 2, 5]/1
[2, 3, 4, 5]/4
[1, 1, 1, 1]/2
[1, 3, 4, 5]/1
[2, 3, 4]/24
[1, 1, 1, 2, 3, 4, 5]/2
[2, 3]/13
[1, 2, 5, 8, 8]/1
[1, 4]/1
[1, 1, 1, 1, 2, 9, 9]/1
[1, 1, 3, 4, 8, 8]/1
[1, 1, 2, 3]/1
[1, 1, 1, 1, 1, 2, 3]/1
[1, 2, 3, 4, 5]/1
[1, 2, 3, 4, 5, 11]/1
[1, 1, 1, 2, 4, 8]/1
===7===
[1]/1
===8===
[]/30
===9===
[]/8
[1]/1
===10===
[3, 6]/1
[]/1
[3]/1
===11===
[1, 1, 8]/1
[1, 1, 1, 1, 3, 4]/1
[1, 1, 1]/1
XXXXXX
===0===
[6]/60
[2, 4, 5, 6]/1
[1, 1, 1, 1, 1, 1]/1
[1, 4]/1
[1, 2, 3, 4, 6]/1
[3, 4, 6]/8
[1, 1, 1, 5]/1
[1, 2, 3, 6]/4
[6, 9, 10]/1
[1, 2, 5]/1
[1, 1, 4, 5, 6]/1
===1===
[]/229
[2, 3, 5, 9, 9]/1
[1]/71
[1, 8, 8, 8, 8]/2
===2===
[]/35
[1]/1
[1, 1, 1, 1]/2
[5, 8, 8]/2
[1, 7, 8]/1
[1, 5]/1
[1, 1]/26
[1, 1, 1, 5, 8, 8]/1
===3===
[]/36
[1, 1, 9, 9]/1
[1]/2
[5, 8, 8]/1
[1, 1, 5, 10]/1
[1, 5]/3
[8, 8, 8, 8]/1
[1, 1]/19
[5]/2
[1, 5, 8]/1
===4===
[]/36
[1, 8]/2
[1]/12
[11]/1
[1, 1]/3
===5===
[]/32
[1]/4
[1, 1, 2, 11]/1
[11]/1
[1, 1]/1
===6===
[2, 3]/13
[1, 2, 5, 8, 8]/1
[]/4
[1, 1, 1, 2, 9, 9]/1
[1, 1, 4]/1
[2, 5]/3
[1, 3, 4]/1
[1, 1, 3, 4, 8, 8]/1
[5]/4
[1, 1, 1, 2, 4, 5]/3
[1, 1, 1, 2, 3]/1
[1, 1, 1, 2]/4
[1, 1, 1, 1, 1, 1, 2, 3]/1
[3, 4, 5]/1
[2, 3, 4, 5]/5
[1, 1, 1, 1]/2
[2, 3, 4]/23
[3, 5, 9, 9]/1
[1, 2, 3, 4, 5]/2
[10]/1
[1, 1, 1, 2, 4, 8]/1
[1, 1, 1, 2, 3, 4, 5]/2
===7===
[1]/1
===8===
[]/30
===9===
[]/8
[1, 1]/1
===10===
[]/2
[3, 4]/1
===11===
[1, 1, 8]/1
[1, 1, 1, 1, 3, 4]/1
[1, 1, 1]/1
XXXXXX
===0===
[6]/60
[2, 4, 5, 6]/1
[1, 1, 1, 1, 1, 1, 1]/1
[1, 1, 4]/1
[1, 1, 5, 6]/1
[3, 4, 6]/7
[1, 1, 1, 5]/1
[1, 1, 2, 3, 4, 6]/1
[1, 2, 3, 6]/4
[1, 2, 5]/1
[3, 4, 6, 10]/2
===1===
[]/237
[2, 3, 5, 9, 9]/1
[1]/63
[1, 8, 8, 8, 8]/2
===2===
[]/34
[1]/2
[1, 1, 1, 1]/1
[5, 8, 8]/2
[1, 7, 8]/1
[1, 1, 5, 8, 8]/1
[1, 5]/2
[1, 1]/23
[1, 1, 1]/3
===3===
[]/37
[1]/3
[5, 8, 8]/1
[1, 5]/1
[1, 1]/14
[1, 11]/1
[1, 5, 11]/1
[1, 1, 9, 9]/1
[1, 1, 5, 10]/1
[8, 8, 8, 8]/1
[1, 1, 1]/5
[1, 5, 8]/1
===4===
[]/36
[1, 8]/2
[1]/16
===5===
[]/35
[1]/2
[1, 1, 1]/1
[1, 2, 11]/1
===6===
[2, 3]/12
[1, 2, 5, 8, 8]/1
[]/5
[1, 1, 2, 4, 8]/1
[1, 5]/1
[2, 5]/3
[1, 1, 2, 9, 9]/1
[1, 1, 3, 4, 8, 8]/1
[1, 1, 2, 3]/1
[1, 1, 1, 1, 4]/1
[5]/3
[1, 1, 1, 2, 4, 5]/3
[1, 1, 1, 2]/4
[3, 4, 5]/1
[1, 1, 1, 1, 1, 1, 2, 3]/1
[2, 3, 4, 5]/7
[1, 1, 1, 1]/2
[2, 3, 4]/23
[1, 1, 3, 4]/1
[1, 3, 5, 9]/1
[1, 1, 1, 2, 3, 4, 5]/2
[1, 1, 2, 3, 4, 5]/1
===7===
[1, 1, 5]/1
===8===
[]/30
===9===
[]/8
[1, 1, 9]/1
===10===
[]/2
[9]/1
===11===
[1, 1, 8]/1
[1, 1, 1, 1, 3, 4]/1
[1, 1, 1]/1
XXXXXX
===0===
[1, 4]/1
[3, 4, 6]/6
[1, 1, 1, 5]/1
[1, 2, 5]/1
[1, 1, 4, 5, 6]/1
[6]/60
[2, 4, 5, 6]/1
[1, 1, 1, 1, 1, 1, 1]/1
[3, 4, 10]/1
[1, 1, 2, 3, 4, 6]/1
[1, 2, 3, 6]/4
[1, 3, 4, 6]/1
[3, 4, 5, 6]/1
===1===
[1, 1, 8, 8, 8, 8]/1
[]/247
[2, 3, 5, 9, 9]/1
[1]/52
[1, 1]/1
[1, 8, 8, 8, 8]/1
===2===
[1, 1, 1, 1, 1, 1]/1
[]/34
[5, 8, 8]/2
[1, 5]/3
[1, 1]/21
[1, 1, 1]/5
[1, 1, 1, 1, 1]/1
[7, 8]/1
[1, 5, 8]/1
===3===
[]/37
[1, 1, 9, 9]/1
[1]/2
[5, 8, 8]/1
[1, 1, 5, 10]/1
[8, 8, 8, 8]/1
[1, 1]/16
[1, 1, 1]/6
[5, 11]/1
[1, 5, 8]/1
===4===
[]/34
[1, 8]/3
[1]/16
[5]/1
===5===
[]/33
[1]/5
[1, 1, 1, 1, 1, 2, 4, 11]/1
===6===
[]/5
[1, 2, 3, 4]/1
[2, 5]/3
[1, 1, 2, 9, 9]/1
[5]/3
[1, 1, 1, 2, 4, 5]/2
[1, 1, 1, 2]/4
[1, 1, 1, 1, 2, 4, 5]/1
[2, 3, 4, 5]/6
[1, 3, 4, 5]/1
[2, 3, 4]/22
[1, 1, 1]/1
[1, 1, 3, 4]/1
[2, 3, 4, 5, 11]/1
[10]/1
[1, 1, 1, 2, 3, 4, 5]/2
[2, 3]/13
[1, 2, 5, 8, 8]/1
[1, 1, 2, 4, 8]/1
[1, 1, 4]/1
[1, 1, 3, 4, 8, 8]/1
[1, 1, 2, 3]/1
[1, 1, 1, 1, 1, 2, 3]/1
[1, 3, 5, 9, 9]/1
[1, 1, 1, 1, 1]/1
===7===
[1, 1, 5]/1
===8===
[]/30
===9===
[]/8
[1, 1]/1
===10===
[6, 9]/1
[]/2
===11===
[3]/1
[1, 1, 1]/1
[1, 1, 1, 8]/1
XXXXXX
===0===
[1, 2, 3, 4, 6]/2
[1, 1, 4]/1
[3, 4, 6]/6
[1, 1, 1, 5]/1
[1, 1, 2, 3, 6]/1
[1, 2, 5]/1
[6]/59
[2, 4, 5, 6]/1
[5, 6]/1
[1, 1, 1, 1, 1, 1, 1]/1
[1, 1, 5, 6]/1
[1, 2, 3, 6]/3
[1, 3, 4, 6]/1
[3, 4, 6, 10]/1
===1===
[1, 1, 8, 8, 8, 8]/1
[]/240
[2, 3, 5, 9, 9]/1
[1]/60
[1, 8, 8, 8, 8]/1
===2===
[]/34
[5, 8, 8]/2
[1, 5]/4
[1, 1]/20
[1, 1, 1]/6
[1, 1, 1, 1, 1]/2
[7, 8]/1
===3===
[]/38
[1, 1, 9, 9]/1
[1, 1, 1, 1]/1
[5, 8, 8]/1
[1, 1, 5, 10]/1
[8, 8, 8, 8]/1
[1, 1]/15
[1, 1, 1]/7
[5, 11]/1
[1, 5, 8]/1
===4===
[]/41
[1, 8]/2
[1]/9
[1, 1, 8, 8]/1
[1, 5]/1
===5===
[1, 1, 1, 1, 2, 4, 11]/1
[]/34
[1]/4
===6===
[2, 3]/13
[1, 2, 5, 8, 8]/1
[]/4
[1, 1, 2, 4, 8]/1
[2, 5]/3
[1, 3, 4]/1
[1, 1, 3, 4, 8, 8]/1
[5]/4
[1, 1, 1, 2, 4, 5]/2
[1, 1, 1, 2]/3
[1, 2, 9, 9]/1
[1, 1, 1, 1, 2, 4, 5]/1
[2, 3, 4, 5]/5
[1, 1, 1, 1, 2, 3]/1
[1, 1, 1, 1]/1
[1, 3, 4, 5]/1
[1, 1, 1, 4]/1
[2, 3, 4]/25
[1, 1, 1]/2
[3, 5, 9, 9]/1
[10]/1
[2, 3, 4, 5, 11]/1
[1, 1, 1, 2, 3, 4, 5]/2
===7===
[1, 1, 5]/1
===8===
[]/30
===9===
[]/8
[1, 1, 1]/1
===10===
[]/2
[9]/1
===11===
[1, 3]/1
[1, 1, 1, 1]/1
[1, 1, 1, 8]/1
XXXXXX
===0===
[1, 2, 3, 4, 6]/2
[1, 1, 4]/1
[2, 5]/1
[3, 4, 6]/6
[1, 1, 1, 5]/1
[6]/60
[2, 4, 5, 6]/1
[3, 10]/1
[1, 1, 5, 6]/1
[1, 1, 3, 4, 6]/1
[1, 2, 3, 6]/4
[1, 1, 1, 1, 1]/1
===1===
[1, 1, 8, 8, 8, 8]/1
[]/241
[2, 3, 5, 9, 9]/1
[1]/58
[1, 8, 8, 8, 8]/1
[1, 1, 3]/1
===2===
[]/36
[5, 8, 8]/2
[1, 5]/2
[1, 1]/18
[1, 1, 1]/8
[1, 1, 1, 1, 1]/2
[7, 8]/1
===3===
[]/35
[1]/1
[5, 8, 8]/1
[1, 1]/21
[5]/2
[1, 1, 9, 9]/1
[1, 1, 1, 1]/1
[1, 1, 1, 1, 5]/1
[1, 1, 5, 10]/1
[8, 8, 8, 8]/1
[5, 8]/1
[5, 11]/1
===4===
[]/40
[1, 8]/1
[1]/9
[1, 1, 8, 8]/1
[1, 5]/1
[1, 1]/1
[5]/1
===5===
[1, 1, 1, 1, 2, 4, 11]/1
[]/27
[1]/11
===6===
[1, 1, 1, 3, 4, 8, 8]/1
[2, 3]/13
[1, 2, 5, 8, 8]/1
[]/5
[2, 5]/3
[1, 1, 3, 5, 9, 9]/1
[1, 3, 4]/2
[5]/3
[1, 1, 1, 2, 4, 5]/2
[1, 1, 1, 2]/4
[1, 2, 9, 9]/1
[1, 1, 1, 1, 2, 4, 5]/1
[2, 3, 4, 5]/5
[2, 3, 4, 8]/1
[1, 1, 1, 4]/1
[2, 3, 4]/24
[1, 1, 1]/3
[2, 3, 4, 5, 11]/1
[10]/1
[1, 1, 1, 2, 4, 8]/1
[1, 1, 1, 2, 3, 4, 5]/2
===7===
[1, 1, 5]/1
===8===
[]/29
[5]/1
===9===
[]/7
[1]/2
===10===
[]/2
[4, 6, 9]/1
===11===
[1, 3]/1
[1, 1, 1]/1
[1, 1, 1, 8]/1
XXXXXX
===0===
[1, 2, 3, 4, 6]/2
[2, 5]/1
[3, 4, 6]/6
[4]/1
[1, 6]/1
[6]/60
[2, 4, 5, 6]/1
[1, 1, 1, 1, 1, 1]/1
[1, 1, 1, 1, 5]/1
[1, 1, 3, 4, 6]/1
[1, 2, 3, 6]/4
[3, 4, 6, 9, 10]/1
===1===
[1, 1, 8, 8, 8, 8]/1
[]/235
[2, 3, 5, 9, 9]/1
[1]/63
[1, 3]/1
[8]/1
[1, 8, 8, 8, 8]/1
===2===
[]/35
[1]/4
[5, 8, 8]/2
[1, 5]/2
[1, 1]/16
[1, 1, 1]/7
[1, 1, 1, 1, 1]/2
[7, 8]/1
===3===
[]/38
[1, 1, 9, 9]/1
[1, 1, 1, 1, 5]/1
[1, 1, 1, 1]/1
[5, 8, 8]/1
[1, 1, 5, 10]/1
[8, 8, 8, 8]/1
[1, 1]/21
[5, 11]/1
[1, 5, 8]/1
===4===
[]/37
[1, 8]/1
[1]/13
[1, 1, 5, 8, 8]/1
[1, 5]/1
[5]/1
===5===
[]/30
[1]/8
[1, 1, 1, 2, 4, 11]/1
===6===
[1, 1, 1, 3, 4, 8, 8]/1
[2, 3]/12
[1, 2, 5, 8, 8]/1
[]/5
[1, 1, 1, 2, 9, 9]/1
[1, 1, 4]/1
[2, 5]/3
[3, 4]/2
[5]/3
[1, 1, 1, 2, 4, 5]/2
[1, 3, 5, 9, 9]/1
[1, 1, 1, 2]/3
[1, 2, 3]/1
[1, 1, 1, 1, 2]/1
[1, 1, 1, 1, 2, 4, 5]/1
[2, 3, 4, 5]/8
[2, 3, 4]/22
[1, 1, 1]/3
[1, 2, 3, 4, 5, 11]/1
[10]/1
[1, 1, 1, 2, 4, 8]/1
[1, 1, 1, 2, 3, 4, 5]/2
===7===
[1, 1, 5]/1
===8===
[]/30
===9===
[]/8
[1, 1]/1
===10===
[]/3
===11===
[1, 1, 1]/1
[1, 1, 3]/1
[1, 1, 1, 8]/1
XXXXXX
===0===
[1, 2, 3, 4, 6]/2
[1, 5]/1
[1, 1, 4]/1
[3, 4, 6]/7
[1, 1, 2, 3, 6]/2
[1, 2, 5]/1
[6]/59
[2, 4, 5, 6]/1
[1, 1, 6]/1
[2, 3, 6]/1
[6, 8]/1
[1, 1, 1, 1, 1]/1
[3, 4, 6, 9, 10]/1
[1, 2, 3, 5, 6]/1
===1===
[]/230
[2, 3, 5, 9, 9]/1
[1]/68
[1, 3]/1
[8]/1
[8, 8, 8, 8]/1
[1, 8, 8, 8, 8]/1
===2===
[]/34
[7]/1
[1]/5
[5, 8, 8]/2
[1, 5]/1
[1, 1]/22
[1, 1, 1]/2
[1, 1, 1, 1, 1]/2
===3===
[]/37
[1, 1, 9, 9]/1
[1]/1
[1, 1, 1, 1, 5]/1
[5, 8, 8]/1
[8, 8, 8, 8]/1
[1, 1]/21
[5, 11]/1
[1, 1, 1, 1, 1]/1
[1, 1, 1, 5, 10]/1
[1, 5, 8]/1
===4===
[]/38
[1, 1, 5]/1
[1]/12
[1, 1, 5, 8, 8]/1
[1, 1, 1]/1
[5]/1
===5===
[]/29
[1]/9
[1, 1, 2, 4, 11]/1
===6===
[1, 1, 1, 3, 4, 8, 8]/1
[2, 3]/13
[1, 2, 5, 8, 8]/1
[]/5
[1, 1, 1, 2, 9, 9]/1
[1, 1, 2, 4, 8]/1
[1, 1, 4]/1
[2, 5]/3
[3, 4]/2
[5]/3
[1, 1, 1, 2, 4, 5]/3
[1, 1, 1, 2]/4
[2, 3, 4, 5]/8
[2, 3, 4]/22
[1, 1, 1]/3
[3, 5, 9, 9]/1
[10]/1
[1, 1, 2, 3, 4, 5, 11]/1
[1, 1, 1, 2, 3, 4, 5]/2
===7===
[1, 1, 5, 8]/1
===8===
[]/30
===9===
[]/8
[1, 1]/1
===10===
[]/3
===11===
[1, 1, 1, 1, 3]/1
[1]/1
[1, 1, 1, 8]/1
XXXXXX
===0===
[1, 2, 3, 4, 6]/2
[1, 1, 4]/1
[2, 5]/1
[3, 4, 6]/6
[1, 1, 1, 5]/1
[2, 3, 5, 6]/1
[1, 1, 2, 3, 6]/2
[6]/60
[2, 4, 5, 6]/1
[2, 3, 6]/1
[1, 1, 5, 6]/1
[1, 1, 1, 1, 1]/1
[3, 4, 6, 9, 10]/1
[3, 4, 6, 10]/1
===1===
[]/229
[2, 3, 5, 9, 9]/1
[1]/69
[8]/1
[8, 8, 8, 8]/2
[1, 2, 3]/1
===2===
[]/32
[1]/2
[1, 1, 1, 1]/2
[5, 8, 8]/2
[1, 1]/28
[1, 1, 1, 1, 1]/1
[1, 1, 4, 5]/1
[7, 8]/1
===3===
[]/36
[1, 1, 1, 1, 5]/1
[5, 8, 8]/1
[1, 1, 5, 10]/1
[1, 9, 9]/1
[8, 8, 8, 8]/1
[1, 1]/22
[5, 11]/1
[1, 1, 1, 1, 1]/1
[5]/1
[1, 5, 8]/1
===4===
[]/42
[1]/9
[1, 1, 5, 8, 8]/1
[1, 1]/2
===5===
[]/30
[1]/8
[1, 1, 2, 4, 11]/1
===6===
[1, 1, 1, 3, 4, 8, 8]/1
[2, 3]/14
[1, 2, 5, 8, 8]/1
[]/6
[1, 1, 1, 2, 9, 9]/1
[1, 1, 2, 4, 8]/1
[1, 1, 4]/1
[2, 5]/3
[1, 1]/1
[3, 4]/1
[5]/3
[1, 1, 1, 2, 4, 5]/3
[1, 1, 1, 2]/3
[2, 3, 4, 5]/7
[1, 3, 4, 5]/1
[2, 3, 4, 8]/1
[2, 3, 4]/21
[1, 1, 1]/3
[3, 5, 9, 9]/1
[1, 2, 3, 4, 5, 11]/1
[1, 1, 1, 2, 3, 4, 5]/2
===7===
[1, 1, 1, 5]/1
===8===
[]/30
===9===
[]/8
[1, 1]/1
===10===
[]/3
===11===
[1, 1]/1
[1, 1, 3]/1
[1, 1, 1, 8]/1
XXXXXX
===0===
[1, 4]/1
[1, 2, 3, 4, 6]/3
[3, 4, 6]/6
[2, 3, 5, 6]/1
[1, 1, 2, 3, 6]/1
[1, 2, 5]/1
[6]/60
[2, 4, 5, 6]/1
[1, 1, 6]/1
[2, 3, 6]/1
[1, 1, 5]/1
[1, 1, 1, 1, 1]/1
[3, 4, 6, 10]/2
===1===
[]/233
[2, 3, 5, 9, 9]/1
[1, 1, 8]/1
[1]/63
[8, 8, 8, 8]/2
[1, 1]/2
[1, 2, 3]/1
===2===
[]/33
[1, 1, 1, 1]/3
[5, 8, 8]/2
[1, 1]/29
[1, 7]/1
[1, 1, 4, 5]/1
===3===
[]/37
[1, 8]/1
[1, 1, 9, 9]/1
[1, 1, 1, 1]/1
[5, 8, 8]/1
[1, 1, 5, 10]/1
[1, 1, 1, 5]/1
[8, 8, 8, 8]/1
[1, 1]/21
[5, 8]/1
[1, 1, 11]/1
===4===
[]/43
[1]/8
[1, 1, 5, 8, 8]/1
[1, 1]/2
===5===
[]/27
[1]/10
[11]/1
[1, 1, 2, 4, 11]/1
===6===
[1, 1, 1, 3, 4, 8, 8]/1
[2, 3]/14
[1, 2, 5, 8, 8]/1
[]/6
[1, 1, 2, 4, 8]/1
[1, 1, 1, 2, 9, 9]/1
[2, 5]/3
[1, 1, 3, 5, 9, 9]/1
[1, 1]/1
[3, 4]/1
[5]/3
[1, 1, 1, 2, 4, 5]/3
[1, 1, 1, 2]/1
[1, 1, 2]/2
[2, 3, 4, 5]/9
[1, 3, 4, 5]/1
[2, 3, 4]/19
[1, 1, 1]/4
[1, 2, 3, 4, 5]/2
[1, 1, 1, 2, 3, 4, 5]/2
===7===
[1, 5, 8]/1
===8===
[]/30
===9===
[]/8
[1, 1]/1
===10===
[]/2
[9]/1
===11===
[1, 1, 1]/1
[1, 1, 3]/1
[1, 1, 1, 1, 8]/1
XXXXXX
===0===
[1, 2, 3, 4, 6]/3
[1, 1, 4]/1
[3, 4, 6]/6
[1, 1, 1, 5]/1
[1, 1, 2, 3, 6]/1
[1, 2, 5]/1
[6]/61
[5, 6]/1
[2, 3, 6]/1
[1, 1, 1, 1, 1]/1
[3, 4, 6, 9, 10]/1
[1, 2, 3, 5, 6]/1
[3, 4, 6, 10]/1
===1===
[]/232
[2, 3, 5, 9, 9]/1
[1]/65
[8, 8, 8, 8]/2
[1, 1]/1
[1, 8, 8]/1
[1, 2, 3]/1
===2===
[]/33
[1, 1, 5]/1
[1]/1
[1, 1, 1, 1]/3
[5, 8, 8]/2
[1, 1]/29
===3===
[]/37
[1, 8]/1
[1, 1, 5]/2
[1, 1, 9, 9]/1
[5, 8, 8]/1
[1, 1, 5, 10]/1
[8, 8, 8, 8]/1
[1, 1]/20
[5, 8]/1
[1, 1, 11]/1
[1, 5, 7]/1
===4===
[]/46
[1]/3
[1, 1, 1, 1]/1
[5, 8, 8]/1
[1, 1]/1
[1, 1, 1]/2
===5===
[]/25
[1]/11
[2, 4]/1
[11]/1
[1, 2, 4, 11]/1
===6===
[1, 1, 1, 3, 4, 8, 8]/1
[2, 3]/13
[1, 2, 5, 8, 8]/1
[]/8
[1, 1, 1, 2, 9, 9]/1
[2, 5]/3
[1, 1, 3, 4, 5]/1
[1, 3, 4]/1
[5]/2
[1, 1, 1, 2, 4, 5]/3
[1, 1, 2]/3
[1, 1, 2, 4]/1
[2, 3, 4, 5]/8
[1, 1, 1, 3, 9, 9]/1
[2, 3, 4]/20
[1, 1, 1]/4
[1, 2, 3, 4, 5]/3
[1, 1, 1, 2, 3, 4, 5]/2
===7===
[1, 1, 1, 8]/1
===8===
[]/30
===9===
[]/8
[1, 1, 5]/1
===10===
[]/3
===11===
[1, 1, 1]/1
[1, 1, 3]/1
[1, 1, 1, 1, 8]/1
XXXXXX
===0===
[1, 2, 3, 4, 6]/3
[1, 1, 4]/1
[2, 5]/1
[3, 4, 6]/5
[4, 5]/1
[6]/61
[1, 1, 1, 1, 1, 1]/1
[2, 3, 6]/1
[1, 1, 1, 1, 5]/1
[1, 2, 3, 6]/1
[3, 4, 6, 9, 10]/1
[3, 4, 5, 6]/1
[1, 2, 3, 5, 6]/1
[3, 4, 6, 10]/1
===1===
[]/234
[1]/64
[8, 8, 8, 8]/2
[1, 1, 2, 3]/1
[1, 2, 3, 5, 9, 9]/1
[1, 8, 8]/1
===2===
[]/33
[1, 1, 1, 1]/2
[5, 8, 8]/2
[1, 1]/31
[1, 1, 1, 1, 1]/1
===3===
[]/37
[1, 8]/1
[1, 1, 5]/4
[1, 1, 9, 9]/1
[1, 1, 5, 7]/1
[5, 8, 8]/1
[1, 1, 5, 10]/1
[8, 8, 8, 8]/1
[1, 1]/18
[1, 11]/1
[5, 8]/1
===4===
[]/44
[1]/2
[5, 8, 8]/1
[1, 1, 1]/4
[5, 11]/1
[5]/2
===5===
[2, 6]/1
[]/24
[1]/13
[1, 1, 2, 11]/1
===6===
[1, 1, 1, 3, 4, 8, 8]/1
[2, 3]/12
[]/9
[1, 1, 1, 2, 9, 9]/1
[2, 5]/3
[1, 3, 4]/2
[1, 2, 8, 8]/1
[5]/1
[1, 1, 1, 2, 4, 5]/3
[1, 1, 2]/3
[1, 2, 3]/1
[1, 1, 2, 4]/1
[2, 3, 4, 5]/7
[1, 1, 1, 3, 9, 9]/1
[2, 3, 4]/22
[1, 1, 1]/4
[1, 2, 3, 4, 5]/2
[1, 1, 1, 2, 3, 4, 5]/2
===7===
[1, 1, 8]/1
===8===
[]/30
===9===
[]/8
[1, 1, 5]/1
===10===
[]/3
===11===
[1, 3, 4]/1
[1, 1, 1]/1
[1, 1, 1, 1, 8]/1
XXXXXX
===0===
[6]/61
[1, 1, 1, 1, 1, 1]/1
[2, 3, 6]/2
[1, 1, 5]/1
[1, 2, 3, 4, 6]/3
[1, 1, 4]/1
[2, 5]/2
[3, 4, 6]/5
[3, 4, 5, 6]/1
[1, 2, 3, 5, 6]/1
[3, 4, 6, 10]/2
===1===
[]/229
[2, 3, 5, 9, 9]/1
[1]/68
[8, 8]/1
[8, 8, 8, 8]/2
[1, 1]/1
[1, 1, 1, 2, 3]/1
===2===
[]/33
[1, 1, 1, 1]/3
[5, 8, 8]/2
[1, 1, 1, 4]/1
[1, 1]/28
[1, 1, 1]/2
===3===
[]/37
[1, 8]/1
[1, 1, 5]/2
[1, 1, 5, 7]/1
[5, 8, 8]/1
[1, 9, 9]/1
[1, 1, 5, 10]/1
[8, 8, 8, 8]/1
[1, 1]/20
[5, 8]/1
[5]/1
===4===
[]/47
[1]/1
[5, 8, 8]/1
[1, 1, 1]/4
[5, 11]/1
===5===
[]/24
[4, 6]/1
[1]/12
[1, 11]/2
===6===
[1, 1, 1, 3, 4, 8, 8]/1
[2, 3]/12
[]/7
[1, 1, 1, 2, 9, 9]/1
[2, 5]/4
[1, 3, 4]/2
[1, 1, 3, 9, 9]/1
[1, 1, 2, 3]/1
[1, 2, 8, 8]/1
[5]/2
[1, 1, 1, 2, 4, 5]/3
[1, 1, 2]/4
[2, 3, 4, 5]/8
[2, 3, 4]/21
[1, 1, 1]/4
[1, 2, 3, 4, 5]/2
[1, 1, 1, 2, 3, 4, 5]/2
===7===
[1, 8]/1
===8===
[]/30
===9===
[]/8
[1, 1, 5]/1
===10===
[]/2
[9]/1
===11===
[1, 1, 1]/1
[1, 1, 3, 4]/1
[1, 1, 1, 1, 8]/1
XXXXXX
===0===
[6]/61
[2, 3, 6]/2
[1, 4]/1
[1, 2, 3, 4, 6]/2
[2, 5]/2
[3, 4, 6]/5
[1, 1, 1, 5]/1
[1, 3, 4, 6]/2
[1, 1, 1, 1, 1]/1
[1, 2, 3, 5, 6]/1
[3, 4, 6, 10]/2
===1===
[]/224
[2, 3, 5, 9, 9]/1
[1]/73
[8, 8]/1
[8, 8, 8, 8]/2
[1, 1, 2, 3]/1
[5]/1
===2===
[]/33
[1, 1, 5]/1
[1, 4]/1
[1, 1, 1, 1]/3
[5, 8, 8]/2
[1, 1]/28
[1, 1, 1]/1
===3===
[]/38
[1, 8]/1
[1, 1, 5, 7]/1
[5, 8, 8]/1
[1, 1, 5, 10]/1
[1, 9, 9]/1
[8, 8, 8, 8]/1
[1, 1]/22
[5, 8]/1
===4===
[]/43
[5, 8, 8]/1
[1, 1, 1]/4
[5]/5
[1, 2]/1
===5===
[]/21
[4, 6]/1
[1]/14
[11]/1
[1, 11]/2
===6===
[2, 3]/12
[1, 2, 5, 8, 8]/1
[]/9
[1, 1, 1, 2, 3, 4]/1
[1, 1, 1, 2, 9, 9]/1
[2, 5]/4
[1, 3, 4]/2
[1, 1, 3, 4, 8, 8]/1
[1, 1, 1, 2, 4, 5]/3
[1, 1, 2]/4
[1, 2, 3]/1
[2, 3, 4, 5]/6
[1, 1, 1, 3, 9, 9]/1
[2, 3, 4]/21
[1, 1, 1]/4
[1, 2, 3, 4, 5]/4
[1, 1, 1, 2, 3, 4, 5]/1
===7===
[1, 8]/1
===8===
[]/30
===9===
[]/8
[1, 5]/1
===10===
[]/2
[9]/1
===11===
[1, 1, 1]/1
[1, 1, 3, 4]/1
[1, 1, 1, 8]/1
XXXXXX
===0===
[1, 1, 4]/1
[1, 2, 3, 4, 6]/1
[2, 5]/2
[3, 4, 6]/4
[6]/61
[4, 6]/1
[2, 3, 6]/2
[1, 1, 5]/1
[2, 3, 4, 6]/2
[1, 1, 1, 1, 1]/1
[3, 4, 5, 6]/1
[1, 2, 3, 5, 6]/1
[3, 4, 6, 10]/2
===1===
[]/217
[2, 3, 5, 9, 9]/1
[1]/81
[8, 8]/1
[8, 8, 8, 8]/2
[1, 1, 2, 3]/1
===2===
[]/32
[1, 1, 5]/1
[1, 4]/1
[1, 1, 1, 1]/3
[5, 8, 8]/2
[3]/1
[1, 1]/29
===3===
[1, 1, 7]/1
[]/38
[1, 8]/1
[5, 8, 8]/1
[1, 9, 9]/1
[8, 8, 8, 8]/1
[1, 1]/21
[1, 1, 1]/1
[1, 5, 10]/1
[1, 5, 8]/1
===4===
[]/43
[1]/2
[5, 8, 8]/1
[1, 1, 1]/4
[5]/4
===5===
[]/22
[4, 6]/1
[1]/13
[1, 11]/2
[1, 1, 11]/1
===6===
[2, 3]/13
[1, 2, 5, 8, 8]/1
[]/8
[1, 3, 4, 8, 8]/1
[2, 5]/3
[1, 1, 2, 9, 9]/1
[1, 3, 4]/2
[1, 1, 3, 9, 9]/1
[1, 2, 3, 5]/1
[1, 1, 1, 2, 4, 5]/4
[1, 1, 2]/4
[2, 3, 4, 5]/7
[2, 3, 4]/21
[1, 1, 1]/4
[1, 2, 3, 4, 5]/3
[9]/1
[1, 1, 2, 3, 4, 5]/1
===7===
[1, 5, 8]/1
===8===
[]/30
===9===
[]/8
[1, 5]/1
===10===
[]/3
===11===
[1, 8]/1
[1, 1, 1]/1
[1, 1, 3, 4]/1
XXXXXX
===0===
[1, 4]/1
[1, 2, 3, 4, 6]/2
[2, 5]/2
[3, 4, 6]/2
[1, 1, 1, 5]/1
[6]/61
[4, 6]/1
[2, 3, 6]/2
[2, 3, 4, 6]/2
[1, 1, 1, 1, 1]/1
[3, 4, 6, 9, 10]/1
[3, 4, 5, 6]/2
[1, 2, 3, 5, 6]/1
[3, 4, 6, 10]/1
===1===
[]/216
[2, 3, 5, 9, 9]/1
[1]/81
[8, 8]/1
[8, 8, 8, 8]/2
[1, 1, 2, 3]/1
[5]/1
===2===
[]/32
[1, 1, 5]/1
[1, 4]/1
[1, 1, 1, 1]/3
[5, 8, 8]/2
[3]/1
[1, 1]/29
===3===
[]/38
[1, 8]/2
[5, 8, 8]/1
[1, 9, 9]/1
[8, 8, 8, 8]/1
[1, 1]/23
[1, 5, 10]/1
===4===
[]/45
[1]/1
[5, 8, 8]/1
[1, 1, 1]/4
[5]/3
===5===
[]/22
[4, 6]/1
[1]/13
[1, 11]/3
===6===
[2, 3]/11
[]/9
[2, 5]/3
[1, 1, 2, 9, 9]/1
[1, 3, 4]/2
[1, 1, 3, 4, 8, 8]/1
[1, 1, 3, 9, 9]/1
[1, 1, 1, 2, 4, 5]/4
[1, 1, 2]/4
[2, 3, 4, 5]/6
[1, 1, 1, 1]/1
[2, 3, 7]/1
[2, 3, 5]/2
[1, 5, 8, 8]/1
[2, 3, 4]/22
[1, 1, 1]/3
[1, 2, 3, 4, 5]/4
===7===
[1, 1, 5, 8]/1
===8===
[]/30
===9===
[]/8
[5]/1
===10===
[]/3
===11===
[1, 1, 8]/1
[1, 1, 1]/1
[1, 1, 1, 3, 4]/1
XXXXXX
===0===
[4, 6, 10]/1
[1, 2, 3, 4, 6]/2
[1, 1, 4]/1
[1, 5]/1
[2, 5]/2
[3, 4, 6]/2
[4, 6, 9, 10]/1
[6]/61
[2, 3, 6]/1
[2, 3, 4, 6]/2
[4, 5, 6]/1
[1, 1, 1, 1, 1]/1
[3, 4, 5, 6]/2
[1, 2, 3, 5, 6]/2
===1===
[]/217
[2, 3, 5, 9, 9]/1
[2, 3]/1
[1]/81
[8, 8, 8, 8]/2
[1, 8, 8]/1
===2===
[]/31
[1, 1, 5]/2
[1, 1, 1, 1]/3
[5, 8, 8]/2
[3]/2
[1, 1]/29
===3===
[]/38
[1, 8]/2
[1, 1, 9, 9]/1
[5, 8, 8]/1
[8, 8, 8, 8]/1
[1, 1]/23
[1, 5, 10]/1
===4===
[]/48
[5, 8, 8]/1
[1, 1, 1]/4
[5]/1
===5===
[]/25
[4, 6]/1
[1]/10
[1, 11]/3
===6===
[2, 3]/12
[]/9
[2, 5]/4
[1, 1, 2, 9, 9]/1
[1, 1, 3, 4, 5]/1
[1, 3, 4]/1
[1, 1, 3, 4, 8, 8]/1
[1, 1, 1, 2, 4, 5]/4
[1, 1, 2]/3
[1, 1, 2, 4]/1
[2, 3, 4, 5]/8
[1, 1, 1, 1]/3
[2, 3, 7]/1
[1, 1, 1, 3, 9, 9]/1
[1, 5, 8, 8]/1
[2, 3, 4]/22
[1, 1, 1]/1
[1, 2, 3, 4, 5]/2
===7===
[1, 1, 5, 8]/1
===8===
[]/30
===9===
[]/8
[5]/1
===10===
[]/1
[3]/2
===11===
[1, 1, 8]/1
[1, 1, 1, 1]/1
[1, 1, 1, 3, 4]/1
XXXXXX
===0===
[1, 2, 3, 4, 6]/2
[1, 1, 4]/1
[2, 5]/2
[3, 4, 6]/3
[1, 1, 1, 5]/1
[3, 6]/1
[1, 6]/1
[6]/60
[1, 1, 1, 1, 1, 1]/1
[2, 3, 6]/1
[2, 3, 4, 6]/2
[4, 5, 6]/1
[10]/1
[1, 2, 3, 5, 6]/2
[3, 4, 6, 10]/1
===1===
[]/223
[2, 3, 5, 9, 9]/1
[1]/74
[1, 4, 5]/1
[8, 8, 8, 8]/2
[1, 8, 8]/1
[1, 2, 3]/1
===2===
[]/30
[1, 1, 5]/2
[1, 1, 1, 1]/3
[5, 8, 8]/2
[3]/2
[1, 1]/29
[5]/1
===3===
[]/34
[1, 8]/2
[1, 1, 9, 9]/1
[5, 8, 8]/1
[8, 8, 8, 8]/1
[1, 1]/23
[1, 5, 10]/1
[5]/4
===4===
[]/49
[5, 8, 8]/1
[1, 1, 1]/4
===5===
[]/28
[4, 6]/1
[1]/7
[1, 11]/3
===6===
[1, 1, 1, 3, 4, 8, 8]/1
[2, 3]/12
[]/9
[2, 5]/4
[1, 1, 3, 4, 5]/1
[1, 1, 2, 9, 9]/1
[1, 1, 1, 2, 4, 5]/4
[1, 1, 2]/3
[1, 1, 2, 4]/1
[2, 3, 4, 5]/5
[1, 1, 1, 1]/4
[2, 3, 5, 7]/1
[1, 5, 8, 8]/1
[2, 3, 4]/24
[1, 2, 3, 4, 5]/3
[1, 1, 1, 1, 3, 9, 9]/1
[1, 1, 3, 4]/1
===7===
[1, 8]/1
===8===
[]/30
===9===
[]/9
===10===
[]/2
[3, 4, 6, 9]/1
===11===
[1, 1, 8]/1
[1, 1, 1, 1]/1
[1, 1, 1, 3, 4]/1
XXXXXX
===0===
[4, 9, 10]/1
[1, 5]/1
[1, 1, 4]/1
[2, 5]/2
[3, 4, 6]/5
[6]/60
[1, 3, 6]/1
[1, 1, 6]/1
[2, 3, 6]/1
[2, 3, 4, 6]/2
[4, 5, 6]/1
[1, 1, 2, 3, 4, 6]/1
[1, 1, 1, 1, 1]/1
[1, 2, 3, 5, 6]/2
===1===
[]/223
[1]/74
[1, 1, 8, 8]/1
[4, 5]/1
[8, 8, 8, 8]/2
[1, 2, 3, 5, 9, 9]/1
[1, 2, 3]/1
===2===
[]/31
[1, 1, 5]/2
[1, 1, 1, 1]/3
[5, 8, 8]/1
[4, 5, 8, 8]/1
[3]/2
[1, 1]/29
===3===
[]/33
[1, 8]/2
[1, 1, 9, 9]/1
[5, 8, 8]/1
[1, 1, 5, 10]/1
[8, 8, 8, 8]/1
[1, 1]/23
[5]/5
===4===
[]/49
[5, 8, 8]/1
[1, 1, 1]/4
===5===
[]/26
[4, 6]/1
[1]/9
[1, 11]/3
===6===
[1, 1, 1, 3, 4, 8, 8]/1
[2, 3]/13
[1, 2, 5, 8, 8]/1
[]/8
[2, 5]/4
[1, 1, 3, 4, 5]/1
[1, 1, 1, 2, 4, 5]/4
[1, 1, 2]/3
[1, 2, 9, 9]/1
[1, 1, 2, 4]/1
[2, 3, 4, 5]/6
[1, 1, 1, 1]/4
[1, 1, 1, 3, 9, 9]/1
[2, 3, 5, 7]/1
[2, 3, 4]/23
[1, 2, 3, 4, 5]/2
[1, 1, 3, 4]/1
[10]/1
===7===
[1, 8]/1
===8===
[]/30
===9===
[]/9
===10===
[3, 6]/1
[]/2
===11===
[1, 1, 8]/1
[1, 1, 1, 1]/1
[1, 1, 1, 3, 4]/1
XXXXXX
===0===
[1, 4, 5, 6]/1
[1, 1, 4]/1
[2, 5]/1
[3, 4, 6]/5
[1, 1, 1, 5]/1
[6]/60
[2, 4, 5, 6]/1
[1, 3, 6]/1
[1, 1, 6]/1
[2, 3, 6]/1
[2, 3, 4, 6]/2
[1, 1, 2, 3, 4, 6]/1
[1, 1, 1, 1, 1]/1
[10]/1
[1, 2, 3, 5, 6]/2
===1===
[]/224
[2, 3, 5, 9, 9]/1
[1]/73
[1, 1, 8, 8]/1
[4, 5]/1
[8, 8, 8, 8]/2
[1, 2, 3]/1
===2===
[]/31
[1, 1, 5]/2
[1, 1, 1, 1]/3
[5, 8, 8]/2
[3]/2
[1, 1]/29
===3===
[]/33
[1, 8]/2
[1, 1, 9, 9]/1
[5, 8, 8]/1
[1, 1, 5, 10]/1
[8, 8, 8, 8]/1
[1, 1]/23
[5]/5
===4===
[]/49
[5, 8, 8]/1
[1, 1, 1]/4
===5===
[]/29
[1]/7
[1, 11]/3
===6===
[1, 1, 1, 3, 4, 8, 8]/1
[2, 3]/12
[1, 2, 5, 8, 8]/1
[]/8
[2, 5]/4
[1, 1, 1, 2, 4, 5]/4
[1, 1, 2]/3
[1, 2, 9, 9]/1
[1, 1, 2, 4]/1
[2, 3, 4, 5]/6
[1, 1, 1, 1]/4
[1, 1, 1, 3, 9, 9]/1
[2, 3, 5, 7]/1
[2, 3, 4]/23
[1, 2, 3, 4, 5]/3
[1, 1, 3, 4]/2
[10]/1
===7===
[1, 8]/1
===8===
[]/30
===9===
[]/9
===10===
[]/2
[3, 4, 6, 9]/1
===11===
[1, 1, 8]/1
[1, 1, 1, 1]/1
[1, 1, 1, 3, 4]/1
XXXXXX
===0===
[1, 4, 5, 6]/1
[1, 1, 4]/1
[1, 2, 3, 4, 6]/1
[2, 5]/1
[3, 4, 6]/4
[1, 1, 1, 5]/1
[1, 1, 2, 6, 9]/1
[6]/60
[2, 4, 5, 6]/1
[1, 1, 1, 1, 1, 1]/1
[2, 3, 6]/1
[1, 3]/1
[2, 3, 4, 6]/2
[9, 10]/1
[1, 2, 3, 5, 6]/2
[3, 4, 6, 10]/1
===1===
[]/222
[2, 3]/1
[2, 3, 5, 9, 9]/1
[1]/75
[8, 8, 8, 8]/1
[4, 5, 6]/1
[1, 8, 8, 8, 8]/1
[1, 8, 8]/1
===2===
[]/31
[1, 1, 5]/1
[1, 1, 1, 1]/3
[5, 8, 8]/2
[3]/2
[1, 1]/30
===3===
[]/34
[1, 8]/2
[5, 8, 8]/1
[1, 9, 9]/1
[1, 1, 5, 10]/1
[8, 8, 8, 8]/1
[1, 1]/23
[5]/4
===4===
[]/49
[5, 8, 8]/1
[1, 1, 1]/4
===5===
[]/29
[1]/7
[1, 11]/2
[1, 1, 11]/1
===6===
[2, 3]/12
[1, 2, 5, 8, 8]/1
[]/9
[2, 5]/4
[1, 3, 4]/1
[1, 1, 3, 4, 8, 8]/1
[1, 1, 1, 2, 4, 5]/4
[1, 1, 2]/3
[1, 1, 2, 4]/1
[1, 9]/1
[2, 3, 4, 5]/8
[1, 1, 1, 1]/4
[2, 3, 7]/1
[2, 3, 4]/21
[1, 2, 3, 4, 5]/3
[1, 1, 1, 1, 3, 9, 9]/1
[1, 1, 3, 4]/1
===7===
[1, 5, 8]/1
===8===
[]/30
===9===
[]/9
===10===
[]/2
[3, 4, 6]/1
===11===
[1, 1, 8]/1
[1, 1, 1, 1]/1
[1, 1, 1, 3, 4]/1
XXXXXX
===0===
[1, 4, 5, 6]/1
[1, 1, 4]/1
[2, 5]/1
[3, 4, 6]/4
[3]/1
[6]/60
[2, 4, 5, 6]/1
[1, 1, 1, 1, 1, 1]/1
[2, 3, 6]/1
[1, 1, 1, 1, 5]/1
[1, 1, 6, 9, 9]/1
[2, 3, 4, 6]/3
[3, 4, 6, 9, 10]/1
[1, 2, 3, 5, 6]/2
[3, 4, 6, 10]/1
===1===
[]/220
[2, 3]/1
[2, 3, 5, 9, 9]/1
[1]/77
[8, 8, 8, 8]/1
[4, 5, 6]/1
[1, 8, 8, 8, 8]/1
[1, 8, 8]/1
===2===
[]/30
[1, 1, 5]/1
[1, 1, 1, 1]/3
[5, 8, 8]/2
[3]/2
[5, 7]/1
[1, 1]/30
===3===
[]/35
[1, 8]/2
[1, 1, 9, 9]/1
[5, 8, 8]/1
[1, 1, 5, 10]/1
[8, 8, 8, 8]/1
[1, 1]/23
[5]/3
===4===
[]/49
[5, 8, 8]/1
[1, 1, 1]/4
===5===
[]/31
[1]/5
[11]/1
[1, 11]/2
===6===
[1, 1, 1, 3, 4, 8, 8]/1
[2, 3]/13
[1, 2, 5, 8, 8]/1
[]/9
[2, 5]/4
[1, 3, 4]/1
[1, 1, 1, 2, 4, 5]/4
[1, 1, 1, 3, 4]/1
[1, 1, 2]/3
[1, 2]/1
[1, 1, 2, 4]/1
[2, 3, 4, 5]/9
[1, 1, 1, 1]/4
[2, 3, 4]/20
[1, 2, 3, 4, 5]/3
[1, 1, 1, 1, 3, 9, 9]/1
===7===
[1, 8]/1
===8===
[]/30
===9===
[]/9
===10===
[]/3
===11===
[1, 1, 8]/1
[1, 1, 1, 1]/1
[1, 1, 1, 3, 4]/1
XXXXXX
===0===
[1, 3, 5]/1
[1, 4]/1
[4, 6, 10]/1
[1, 4, 5, 6]/1
[3, 4, 6]/4
[1, 1, 1, 5]/1
[1, 2, 5]/1
[6]/60
[2, 4, 5, 6]/1
[1, 1, 1, 1, 1, 1]/1
[2, 3, 6]/1
[1, 1, 6, 9, 9]/1
[2, 3, 4, 6]/3
[3, 4, 6, 9, 10]/1
[1, 2, 3, 5, 6]/2
===1===
[4, 6]/1
[]/222
[2, 3, 5, 9, 9]/1
[2, 3]/1
[1]/75
[8, 8, 8, 8]/1
[1, 8, 8, 8, 8]/1
[1, 8, 8]/1
===2===
[]/32
[1, 1, 1, 1]/3
[5, 8, 8]/2
[1, 1]/31
[7, 8]/1
===3===
[]/35
[1, 8]/1
[1, 1, 9, 9]/1
[5, 8, 8]/1
[1, 1, 5, 10]/1
[8, 8, 8, 8]/1
[1, 1]/22
[5]/4
[1, 5, 8]/1
===4===
[]/48
[1, 3, 5]/1
[5, 8, 8]/1
[1, 1, 1]/4
===5===
[]/29
[1]/7
[1, 11]/3
===6===
[1, 1, 1, 3, 4, 8, 8]/1
[2, 3]/14
[1, 2, 5, 8, 8]/1
[]/9
[2, 5]/3
[1, 1, 1, 2, 4, 5]/3
[1, 1, 1, 3, 4]/2
[1, 1, 2]/3
[1, 2]/1
[1, 1, 2, 4]/2
[2, 3, 4, 5]/10
[1, 1, 1, 1]/4
[1, 1, 1, 3, 9, 9]/1
[2, 3, 4]/20
[1, 2, 3, 4, 5]/1
[1, 1, 2, 3, 4, 5]/1
===7===
[1, 5]/1
===8===
[]/30
===9===
[]/9
===10===
[]/2
[3]/1
===11===
[1, 8]/1
[1, 1, 1, 1, 1]/1
[1, 1, 1, 3, 4]/1
XXXXXX
===0===
[1, 3, 5]/1
[1, 4, 5, 6]/1
[1, 1, 4]/1
[3, 4, 6]/5
[3, 4, 9, 10]/1
[1, 2, 5]/1
[6]/60
[2, 4, 5, 6]/1
[2, 3, 6]/1
[1, 1, 1, 1, 5]/1
[1, 6, 9, 9]/1
[2, 3, 4, 6]/3
[1, 1, 1, 1, 1]/1
[1, 2, 3, 5, 6]/2
===1===
[4, 6]/1
[]/227
[2, 3, 5, 9, 9]/1
[1]/70
[8, 8, 8, 8]/1
[1, 8, 8, 8, 8]/1
[1, 8, 8]/1
[1, 2, 3]/1
===2===
[]/32
[1, 1, 1, 1]/3
[5, 8, 8]/1
[1, 7, 8]/1
[4, 5, 8, 8]/1
[1, 1]/31
===3===
[]/33
[1, 8]/1
[5, 8, 8]/1
[1, 9, 9]/1
[1, 1, 5, 10]/1
[8, 8, 8, 8]/1
[1, 1]/22
[5]/6
[1, 5, 8]/1
===4===
[]/48
[1, 3, 5]/1
[5, 8, 8]/1
[1, 1, 1]/4
===5===
[]/30
[1]/6
[1, 11]/3
===6===
[1, 1, 1, 3, 4, 8, 8]/1
[2, 3]/15
[1, 2, 5, 8, 8]/1
[]/8
[2, 5]/3
[1, 1, 1, 1, 3, 4]/1
[1, 1, 1, 2, 4, 5]/3
[1, 1, 1, 3, 4]/1
[1, 1, 2]/4
[1, 1, 2, 4]/2
[2, 3, 4, 5]/8
[1, 1, 1, 1]/4
[2, 3, 4]/21
[1, 1, 1, 1, 3, 9, 9]/1
[10]/1
[1, 1, 1, 2, 3, 4, 5]/1
[1, 1, 2, 3, 4, 5]/1
===7===
[1, 5]/1
===8===
[]/30
===9===
[]/9
===10===
[6]/1
[]/2
===11===
[1, 8]/1
[1, 1, 1, 1, 1]/1
[1, 1, 1, 3, 4]/1
XXXXXX
===0===
[1, 4]/1
[1, 4, 5, 6]/1
[1, 3, 5, 6]/1
[3, 4, 6]/4
[1, 1, 2, 6, 9]/1
[1, 2, 5]/1
[6]/60
[2, 4, 5, 6]/1
[1, 1, 5]/1
[2, 3, 6]/1
[1, 1, 1, 1]/1
[2, 3, 4, 6]/4
[3, 4, 6, 9, 10]/1
[1, 2, 3, 5, 6]/2
===1===
[]/225
[2, 3, 5, 9, 9]/1
[1]/73
[8, 8]/1
[8, 8, 8, 8]/1
[1, 8, 8, 8, 8]/1
[1, 2, 3]/1
===2===
[]/32
[1, 1, 1, 1]/3
[5, 8, 8]/2
[1, 7, 8]/1
[1, 1]/31
===3===
[]/34
[1, 8]/1
[1, 1, 9, 9]/1
[5, 8, 8]/1
[1, 1, 5, 10]/1
[1, 5]/1
[8, 8, 8, 8]/1
[1, 1]/22
[5]/4
[1, 5, 8]/1
===4===
[]/48
[1, 3, 5]/1
[1, 1, 1]/4
[1, 5, 8, 8]/1
===5===
[]/32
[1]/3
[1, 11]/2
[4]/1
[1, 1, 11]/1
===6===
[1, 1, 1, 3, 4, 8, 8]/1
[2, 3]/14
[1, 2, 5, 8, 8]/1
[]/8
[1, 5]/1
[2, 5]/2
[1, 1, 1, 2, 4, 5]/3
[1, 1, 1, 1, 1, 3, 9, 9]/1
[1, 1, 1, 3, 4]/2
[1, 1, 2]/3
[1, 1, 2, 4]/2
[2, 3, 4, 5]/9
[1, 1, 1, 1]/4
[1, 1, 9]/1
[2, 3, 4]/21
[10]/1
[1, 1, 2, 3, 4, 5]/2
===7===
[1, 5]/1
===8===
[]/30
===9===
[]/9
===10===
[]/3
===11===
[1, 8]/1
[1, 1, 1, 1, 1]/1
[1, 1, 1, 3, 4]/1
XXXXXX
===0===
[1, 4]/1
[1, 5]/1
[1, 3, 5, 6]/1
[3, 4, 6]/2
[1, 2, 5]/1
[1, 1, 4, 5, 6]/1
[6]/60
[1, 6, 9]/1
[1, 1, 1, 1, 1, 1]/1
[2, 3, 6]/1
[2, 3, 4, 6]/5
[2, 5, 6]/1
[3, 4, 6, 9, 10]/1
[1, 2, 3, 5, 6]/2
[3, 4, 6, 10]/1
===1===
[]/227
[2, 3, 5, 9, 9]/1
[1]/71
[8, 8]/1
[8, 8, 8, 8]/2
[1, 2, 3]/1
===2===
[]/32
[1, 1, 1, 1]/3
[8, 8]/1
[4, 5, 8, 8]/1
[1, 1]/31
[1, 5, 7]/1
===3===
[]/31
[1, 8]/1
[1, 1, 9, 9]/1
[5, 8, 8]/1
[1, 1, 5, 10]/1
[1, 5]/2
[8, 8, 8, 8]/1
[1, 1]/22
[5]/6
[1, 5, 8]/1
===4===
[]/48
[1, 3, 5]/1
[1, 1, 1]/4
[1, 5, 8, 8]/1
===5===
[]/29
[1]/5
[1, 11]/1
[4]/2
[1, 1, 11]/2
===6===
[1, 1, 1, 3, 4, 8, 8]/1
[2, 3]/16
[]/8
[1, 1, 2, 9]/1
[1, 5]/1
[2, 5]/2
[4]/1
[1, 1, 1, 2, 4, 5]/3
[1, 1, 1, 3, 4]/1
[1, 1, 2]/3
[1, 1, 2, 4]/2
[2, 3, 4, 5]/7
[1, 1, 1, 1]/4
[1, 5, 8, 8]/1
[2, 3, 4]/21
[1, 1, 1, 1, 3, 9, 9]/1
[1, 1, 3, 4]/1
[1, 1, 2, 3, 4, 5]/2
===7===
[1, 8]/1
===8===
[]/30
===9===
[]/9
===10===
[]/3
===11===
[1, 8]/1
[1, 1, 1, 1]/1
[1, 1, 1, 1, 3, 4]/1
XXXXXX
===0===
[1, 4]/1
[3, 4, 6]/2
[3, 5, 6]/1
[1, 2, 5]/1
[1, 1, 4, 5, 6]/1
[6, 9]/1
[6]/59
[1, 6, 9]/1
[2, 4, 5, 6]/1
[1, 1, 1, 1, 1, 1]/1
[2, 3, 6]/1
[1, 1, 5]/1
[2, 3, 4, 6]/5
[3, 4, 6, 9, 10]/1
[1, 2, 3, 5, 6]/2
[3, 4, 6, 10]/1
===1===
[]/228
[2, 3, 5, 9, 9]/1
[1]/69
[8, 8]/1
[3]/1
[8, 8, 8, 8]/2
[1, 1, 1, 2, 3]/1
===2===
[1, 1, 7]/1
[]/32
[1, 1, 1, 1]/2
[5, 8, 8]/1
[4, 5, 8, 8]/1
[1, 1]/31
[1, 1, 1, 1, 1]/1
===3===
[]/31
[1, 8]/1
[5, 8, 8]/1
[1, 9, 9]/1
[1, 1, 5, 10]/1
[1, 5]/2
[8, 8, 8, 8]/1
[1, 1]/22
[5, 8]/1
[5]/6
===4===
[]/49
[1, 1, 1]/4
[1, 5, 8, 8]/1
===5===
[]/29
[1]/5
[4]/2
[1, 1, 11]/3
===6===
[1, 1, 1, 3, 4, 8, 8]/1
[2, 3]/16
[]/9
[1, 1, 2, 9]/1
[1, 1, 2, 4, 5]/1
[1, 5]/1
[2, 5]/1
[1, 3, 4]/1
[1, 1, 1, 2, 4, 5]/3
[1, 2, 5]/1
[1, 1, 1, 3, 4]/1
[1, 1, 2]/3
[1, 1, 2, 4]/1
[2, 3, 4, 5]/6
[1, 1, 1, 1]/4
[1, 1, 1, 1, 1, 3, 9]/1
[1, 5, 8, 8]/1
[2, 3, 4]/22
[1, 1, 2, 3, 4, 5]/2
===7===
[1, 5, 8]/1
===8===
[]/30
===9===
[]/9
===10===
[]/3
===11===
[1, 8]/1
[1, 1, 1, 1]/1
[1, 1, 1, 3, 4]/1
XXXXXX
===0===
[1, 1, 1, 1, 1, 1, 1, 9]/1
[1, 1, 4]/1
[3, 4, 6]/3
[1, 2, 5]/1
[1, 1, 4, 5, 6]/1
[3, 6]/1
[6]/61
[2, 4, 5, 6]/1
[2, 3, 6]/1
[1, 1, 5]/1
[2, 3, 4, 6]/4
[3, 4, 6, 9, 10]/1
[1, 2, 3, 5, 6]/2
[3, 4, 6, 10]/1
===1===
[]/229
[1]/69
[8, 8]/1
[2, 3, 5, 9]/1
[8, 8, 8, 8]/2
[1, 1, 2, 3]/1
===2===
[]/32
[1, 1, 1, 1]/2
[5, 8, 8]/2
[1, 1]/32
[1, 1, 1, 1, 1]/1
===3===
[1, 1, 7]/1
[]/33
[1, 8]/1
[5, 8, 8]/1
[1, 9, 9]/1
[1, 1, 5, 10]/1
[1, 5]/2
[8, 8, 8, 8]/1
[1, 1]/21
[5]/5
===4===
[]/49
[1, 1, 1, 1]/1
[1, 1, 1, 5]/1
[1, 1, 1]/2
[1, 5, 8, 8]/1
===5===
[]/25
[1, 8]/1
[1]/7
[4]/3
[1, 1, 11]/2
[1, 1, 1, 11]/1
===6===
[1, 1, 1, 3, 4, 8, 8]/1
[2, 3]/16
[]/8
[1, 1, 1, 2, 9, 9]/1
[5, 8, 8]/1
[2, 5]/2
[3, 4]/1
[1, 1, 1, 2, 4, 5]/3
[5]/1
[1, 2, 5]/1
[1, 1, 2]/3
[1, 1, 1, 3, 5, 9, 9]/1
[1, 1, 2, 4]/1
[2, 3, 4, 5]/6
[1, 1, 1, 1]/4
[2, 3, 4]/22
[1, 1, 3, 4]/1
[1, 1, 2, 3, 4, 5]/3
===7===
[1, 5, 8]/1
===8===
[]/30
===9===
[]/9
===10===
[]/3
===11===
[1, 8]/1
[1, 1, 1, 1]/1
[1, 1, 1, 3, 4]/1
XXXXXX
===0===
[1, 4, 5, 6]/1
[1, 1, 4]/1
[2, 5]/1
[3, 4, 6]/3
[3, 5, 6]/1
[5]/1
[6]/61
[2, 4, 5, 6]/1
[2, 3, 6]/2
[2, 3, 4, 6]/3
[1, 1, 1, 1, 1, 1, 9]/1
[1, 2, 3, 5, 6]/2
[3, 4, 6, 10]/2
===1===
[]/226
[1]/72
[8, 8]/1
[2, 3, 5, 9]/1
[8, 8, 8, 8]/2
[1, 1, 2, 3]/1
===2===
[]/32
[1, 1, 1, 1]/3
[5, 8, 8]/2
[1, 1, 4]/1
[1, 1, 1, 4]/1
[1, 1]/30
===3===
[]/32
[1, 8]/1
[5, 8, 8]/1
[1, 5]/3
[1, 1]/17
[5]/4
[7]/1
[1, 9, 9]/1
[1, 1, 5, 10]/1
[8, 8, 8, 8]/1
[1, 1, 1]/4
[1, 5, 8]/1
===4===
[]/49
[1, 1, 5, 8, 8]/1
[1, 1, 1, 5]/1
[1, 1, 1]/3
===5===
[]/29
[1]/5
[1, 11]/1
[4]/2
[1, 1, 1, 11]/2
===6===
[1, 1, 1, 3, 4, 8, 8]/1
[2, 3]/15
[]/9
[1, 1, 1, 2, 9, 9]/1
[5, 8, 8]/1
[2, 5]/1
[1, 1, 1, 2, 4, 5]/3
[1, 2, 5]/2
[1, 1, 2]/4
[2, 3, 4, 5]/6
[1, 1, 1, 1]/4
[1, 1, 1, 3, 9, 9]/1
[2, 3, 4]/23
[1, 1, 3, 4]/2
[1, 1, 2, 3, 4, 5]/3
===7===
[1, 1, 5, 8]/1
===8===
[]/30
===9===
[]/9
===10===
[]/2
[9]/1
===11===
[1, 8]/1
[1, 1]/1
[1, 1, 3, 4]/1
XXXXXX
===0===
[1, 1, 4]/1
[1, 3, 5, 6]/1
[3, 4, 6]/2
[1, 1, 1, 5]/1
[1, 2, 5]/1
[6]/60
[2, 4, 5, 6]/1
[2, 3, 6]/2
[6, 7]/1
[1, 4, 6]/1
[2, 3, 4, 6]/3
[1, 3, 4, 6]/1
[1, 1, 1, 1, 1, 1, 9]/1
[1, 2, 3, 5, 6]/2
[3, 4, 6, 10]/2
===1===
[]/225
[1]/73
[8, 8]/1
[2, 3, 5, 9]/1
[8, 8, 8, 8]/2
[1, 2, 3]/1
===2===
[]/32
[1]/1
[1, 1, 1, 1]/3
[5, 8, 8]/2
[1, 1, 1, 4]/2
[1, 1]/29
===3===
[]/31
[1, 8]/1
[5, 8, 8]/1
[1, 9, 9]/1
[1, 1, 5, 10]/1
[1, 5]/2
[8, 8, 8, 8]/1
[1, 1]/20
[1, 1, 1]/1
[5]/7
[1, 5, 8]/1
===4===
[]/49
[1, 1, 5, 8, 8]/1
[1, 1, 1, 5]/1
[1, 1, 1]/3
===5===
[]/32
[1]/3
[4]/2
[1, 1, 1, 11]/2
===6===
[1, 1, 1, 3, 4, 8, 8]/1
[2, 3]/15
[]/9
[5, 8, 8]/1
[2, 5]/1
[1, 1, 1, 1, 2, 9, 9]/1
[1, 1, 1, 2, 4, 5]/3
[1, 2, 5]/1
[1, 1, 2]/4
[2, 3, 4, 5]/5
[1, 1, 1, 1]/3
[1, 2, 5, 11]/1
[1, 1, 1, 3, 9, 9]/1
[2, 3, 4]/24
[1, 1, 1]/1
[1, 1, 3, 4]/2
[1, 1, 2, 3, 4, 5]/3
===7===
[1, 1, 5, 8]/1
===8===
[]/30
===9===
[]/9
===10===
[]/2
[9]/1
===11===
[1, 8]/1
[1, 1, 1]/1
[1, 1, 3, 4]/1
XXXXXX
===0===
[1, 3, 5]/1
[1, 1, 4]/1
[1, 2, 3, 4, 6]/1
[3, 4, 6]/3
[1, 1, 1, 5]/1
[1, 2, 5]/1
[6]/60
[2, 4, 5, 6]/1
[1, 1, 1, 1, 1, 1]/1
[4, 6]/1
[2, 3, 6]/2
[1, 4, 6]/1
[2, 3, 4, 6]/1
[1, 2, 3, 5, 6]/2
[3, 4, 6, 10]/2
[1, 3, 4, 5, 6]/1
===1===
[]/226
[2, 3, 5, 9, 9]/1
[1]/72
[8, 8]/1
[8, 8, 8, 8]/2
[1, 1, 2, 3]/1
===2===
[1, 1, 7]/1
[]/33
[1, 1, 1, 1]/2
[5, 8, 8]/2
[1, 1, 1, 4]/2
[1, 1]/28
[1, 1, 1, 1, 1]/1
===3===
[]/32
[1, 8]/1
[5, 8, 8]/1
[1, 1, 4]/1
[1, 5, 9]/1
[1, 1]/19
[5]/7
[1, 1, 6]/1
[1, 9, 9]/1
[8, 8, 8, 8]/1
[1, 5, 10]/1
[1, 5, 8]/1
===4===
[]/49
[1, 1, 5, 8, 8]/1
[1, 1, 1]/4
===5===
[]/32
[1]/4
[4]/1
[1, 1, 1, 11]/2
===6===
[1, 1, 1, 3, 4, 8, 8]/1
[2, 3]/17
[]/8
[2, 5]/1
[1, 1, 1, 1, 2, 9, 9]/1
[4]/1
[1, 1, 1, 2, 4, 5]/3
[1, 1, 2]/4
[1, 2]/1
[2, 5, 8, 8]/1
[2, 3, 4, 5]/7
[1, 1, 1, 1]/4
[1, 2, 5, 11]/1
[1, 1, 1, 3, 9]/1
[2, 3, 4]/20
[1, 1, 3, 4]/2
[1, 1, 2, 3, 4, 5]/3
===7===
[1, 1, 5, 8]/1
===8===
[]/30
===9===
[]/9
===10===
[]/2
[9]/1
===11===
[1, 8]/1
[1, 1, 1]/1
[1, 1, 3, 4]/1
XXXXXX
===0===
[1, 1, 4]/1
[2, 5]/1
[3, 4, 6]/4
[1, 1, 4, 5, 6]/1
[6]/61
[2, 4, 5, 6]/1
[1, 1, 1, 1, 1, 1]/1
[1, 2, 3, 4, 5, 6]/1
[2, 3, 6]/2
[1, 1, 5]/1
[1, 1, 2, 3, 4, 6]/1
[1, 1, 3]/1
[1, 2, 3, 5, 6]/2
[3, 4, 6, 10]/2
===1===
[6]/1
[]/227
[2, 3, 5, 9, 9]/1
[1]/70
[8, 8]/1
[8, 8, 8, 8]/2
[1, 1, 2, 3]/1
===2===
[]/32
[1, 1, 1, 1]/1
[5, 8, 8]/2
[1, 1, 4]/2
[1, 1, 1, 7]/1
[1, 1]/29
[1, 1, 1, 1, 4]/1
[4]/1
===3===
[]/34
[1, 8]/1
[5, 8, 8]/1
[1, 9, 9]/1
[1, 1, 5, 10]/1
[1, 5, 9]/1
[8, 8, 8, 8]/1
[1, 1]/21
[5]/5
[1, 5, 8]/1
===4===
[]/49
[1, 1, 5, 8, 8]/1
[1, 1, 1]/4
===5===
[]/27
[1]/9
[4]/1
[1, 1, 1, 11]/2
===6===
[1, 1, 1, 3, 4, 8, 8]/1
[2, 3]/17
[2, 5, 11]/1
[]/6
[1, 1, 2, 4, 5]/1
[1]/2
[2, 5]/1
[4, 5]/1
[1, 1, 1, 1, 2, 9, 9]/1
[1, 1, 1, 2, 4, 5]/2
[5]/1
[1, 1, 2]/4
[1, 1, 1, 1, 2]/1
[2, 5, 8, 8]/1
[2, 3, 4, 5]/7
[1, 1, 1, 1]/3
[1, 1, 1, 3, 9]/1
[2, 3, 4]/20
[1, 1, 3, 4]/2
[1, 1, 2, 3, 4, 5]/3
===7===
[1, 5, 8]/1
===8===
[]/30
===9===
[]/9
===10===
[]/2
[9]/1
===11===
[1, 8]/1
[1, 1, 1]/1
[1, 1, 1, 3, 4]/1
XXXXXX
===0===
[1, 4]/1
[1, 1, 3, 6]/1
[3, 4, 6]/3
[1, 1, 1, 5]/1
[1, 1, 1, 1, 2, 3, 4, 6]/1
[1, 2, 5]/1
[1, 1, 4, 5, 6]/1
[6]/60
[2, 4, 5, 6]/1
[4, 6]/2
[2, 3, 6]/1
[2, 3, 4, 6]/1
[1, 1, 1, 1, 1]/1
[3, 4, 6, 9, 10]/1
[1, 2, 3, 5, 6]/2
[3, 4, 6, 10]/1
[1, 1, 2, 3, 4, 5, 6]/1
===1===
[]/219
[1]/78
[8, 8]/1
[1, 5]/1
[8, 8, 8, 8]/2
[1, 1, 2, 3, 5, 9, 9]/1
[1, 2, 3]/1
===2===
[]/33
[1, 1, 5, 7]/1
[1, 1, 1, 1]/1
[5, 8, 8]/2
[1, 1, 4]/1
[1, 1]/30
[1, 1, 1, 1, 4]/1
===3===
[]/36
[1, 8]/1
[1, 1, 1, 5, 9]/1
[5, 8, 8]/1
[1, 9, 9]/1
[1, 1, 5, 10]/1
[8, 8, 8, 8]/1
[1, 1]/21
[5]/3
[1, 5, 8]/1
===4===
[]/49
[1, 1, 5, 8, 8]/1
[1, 1, 1]/4
===5===
[]/30
[1]/6
[1, 11]/1
[1, 1, 11]/1
[4]/1
===6===
[1, 1, 1, 3, 4, 8, 8]/1
[2, 3]/17
[]/7
[1, 1, 2, 4, 5]/3
[1]/1
[1, 3, 9]/1
[1, 1, 1, 2, 9, 9]/1
[2, 5]/1
[4, 5]/1
[1, 1]/1
[5]/1
[1, 1, 1, 2]/1
[1, 1, 2]/4
[2, 3, 4, 5]/8
[1, 1, 1, 1]/2
[1, 2, 5, 11]/1
[2, 3, 5, 8, 8]/1
[2, 3, 4]/19
[1, 1, 3, 4]/2
[1, 1, 2, 3, 4, 5]/3
===7===
[1, 8]/1
===8===
[]/30
===9===
[]/9
===10===
[]/3
===11===
[1, 1, 8]/1
[1, 1]/1
[1, 1, 1, 3, 4]/1
XXXXXX
===0===
[1, 4, 5, 6]/1
[1, 1, 3, 6]/1
[1, 1, 4]/1
[2, 5]/1
[3, 4, 6]/3
[6]/61
[2, 4, 5, 6]/1
[2, 3, 6]/2
[1, 1, 5]/1
[1, 1, 1, 3, 4, 6]/1
[1, 1, 1, 1]/1
[1, 3, 4, 6]/1
[3, 4, 6, 9, 10]/1
[1, 2, 3, 5, 6]/2
[3, 4, 6, 10]/1
[1, 1, 2, 3, 4, 5, 6]/1
===1===
[]/217
[1]/81
[8, 8]/1
[8, 8, 8, 8]/2
[1, 2, 3, 5, 9, 9]/1
[1, 2, 3]/1
===2===
[1, 1, 7]/1
[]/31
[1, 1, 5]/1
[1, 1, 1, 1, 1, 4]/1
[5, 8, 8]/2
[1, 1, 4]/2
[1, 1]/28
[1, 1, 1]/1
[5]/2
===3===
[]/33
[1, 8]/1
[1]/2
[5, 8, 8]/1
[1, 1]/20
[4]/4
[5]/1
[1, 1, 5, 9]/1
[1, 9, 9]/1
[8, 8, 8, 8]/1
[1, 5, 10]/1
[1, 5, 8]/1
===4===
[]/49
[1, 1, 5, 8, 8]/1
[1, 1, 1]/4
===5===
[]/25
[1]/10
[1, 1]/1
[1, 11]/1
[4]/1
[1, 1, 1, 11]/1
===6===
[1, 1, 1, 3, 4, 8, 8]/1
[2, 3]/20
[]/8
[1, 1, 2, 4, 5]/3
[1, 3, 9]/1
[1]/1
[1, 1, 1, 2, 9, 9]/1
[2]/1
[4, 5]/1
[1, 1, 2]/6
[2, 5, 8, 8]/1
[2, 3, 4, 5]/9
[1, 1, 1, 1]/2
[1, 2, 5, 11]/1
[1, 3, 4, 5]/1
[2, 3, 4]/15
[1, 1, 3, 4]/1
[1, 1, 2, 3, 4, 5]/3
===7===
[1, 5, 8]/1
===8===
[]/30
===9===
[]/9
===10===
[]/3
===11===
[1, 8]/1
[1, 1]/1
[1, 1, 1, 3, 4]/1
XXXXXX
===0===
[1, 4]/1
[1, 5]/1
[2, 5]/1
[3, 4, 6]/4
[1, 1, 4, 5, 6]/1
[4, 6, 9, 10]/1
[6]/61
[2, 4, 5, 6]/1
[1, 3, 6]/1
[1, 1, 1, 1, 1, 1]/1
[2, 3, 6]/1
[1, 1, 1, 3, 4, 6]/1
[2, 3, 4, 5, 6]/1
[2, 3, 4, 6]/1
[1, 2, 3, 5, 6]/1
[1, 1, 2, 3, 5, 6]/1
[3, 4, 6, 10]/1
===1===
[]/226
[2, 3]/1
[1]/70
[8, 8, 8, 8]/2
[1, 1]/2
[1, 8, 8]/1
[1, 2, 3, 5, 9, 9]/1
===2===
[]/32
[5, 8, 8]/2
[1, 1, 1, 4]/1
[1, 1]/31
[1, 1, 1, 1, 4]/1
[1, 1, 4, 5]/1
[5]/1
===3===
[]/37
[1, 1, 5, 9, 9]/1
[1, 8]/1
[1]/2
[5, 8, 8]/1
[1, 9, 9]/1
[8, 8, 8, 8]/1
[1, 1]/16
[5, 10]/1
[1, 1, 1]/5
[1, 5, 8]/1
===4===
[]/46
[1, 1, 5, 8, 8]/1
[1, 1, 1]/4
[5]/3
===5===
[]/23
[1]/10
[1, 1]/4
[1, 1, 1, 1, 11]/1
[1, 1, 1, 11]/1
===6===
[1, 1, 1, 3, 4, 8, 8]/1
[2, 3]/15
[2, 5, 11]/1
[]/8
[1, 1, 2, 4, 5]/3
[2, 5]/1
[4, 5]/1
[1, 1, 3, 4, 5]/1
[3]/1
[1, 3, 4]/1
[1, 1, 1, 1, 2, 9, 9]/1
[1, 1, 2]/6
[2, 5, 8, 8]/1
[2, 3, 4, 5]/8
[1, 1, 1, 1]/2
[1, 3]/1
[2, 3, 7]/1
[2, 3, 4]/21
[1, 1, 2, 3, 4, 5]/2
===7===
[1, 5, 8]/1
===8===
[]/30
===9===
[]/9
===10===
[]/3
===11===
[1]/1
[8]/1
[1, 1, 1, 3, 4]/1
XXXXXX
===0===
[4, 6, 10]/2
[1, 4, 5, 6]/1
[1, 1, 4]/1
[2, 5]/1
[3, 4, 6]/3
[1, 1, 1, 5]/1
[6]/61
[2, 4, 5, 6]/1
[1, 1, 1, 1, 1, 1]/1
[1, 2, 3, 4, 5, 6]/1
[1, 3, 6]/1
[2, 3, 6]/1
[2, 3, 4, 6]/1
[1, 3, 4, 6]/2
[1, 2, 3, 5, 6]/2
===1===
[]/235
[2, 3]/1
[1]/56
[8, 8]/1
[8, 8, 8, 8]/2
[1, 1]/7
[1, 2, 3, 5, 9, 9]/1
===2===
[]/31
[1]/1
[5, 8, 8]/2
[1, 1]/31
[1, 1, 1, 1, 4]/2
[1, 1, 4, 5]/1
[5]/1
===3===
[]/38
[1, 8]/1
[5, 8, 8]/1
[1, 9, 9]/2
[1, 1, 5, 10]/1
[8, 8, 8, 8]/1
[1, 1]/17
[1, 1, 1]/5
[5, 8]/1
===4===
[]/44
[1]/1
[1, 1, 5, 8, 8]/1
[1, 1]/2
[1, 1, 1]/3
[5]/3
===5===
[]/24
[1]/8
[1, 1]/5
[1, 1, 1, 1, 11]/1
[1, 1, 1, 11]/1
===6===
[1, 1, 1, 3, 4, 8, 8]/1
[2, 3]/15
[1, 2, 5, 8, 8]/1
[]/8
[1, 1, 2, 4, 5]/3
[1, 3, 5]/1
[2, 5]/1
[4, 5]/1
[3, 9]/1
[1, 1, 1, 1, 2, 9, 9]/1
[1, 1, 2]/6
[3, 4, 5]/1
[2, 3, 4, 5]/8
[1, 1, 1, 1]/2
[1, 2, 5, 11]/1
[2, 3, 7]/1
[2, 3, 4]/21
[1, 1, 3, 4]/1
[1, 1, 2, 3, 4, 5]/2
===7===
[1, 5, 8]/1
===8===
[]/30
===9===
[]/9
===10===
[]/2
[3]/1
===11===
[1]/1
[8]/1
[1, 1, 3, 4]/1
XXXXXX
===0===
[4, 6, 10]/2
[1, 4, 5, 6]/1
[1, 1, 4]/1
[1, 2, 3, 4, 6]/1
[1, 1, 1, 5]/1
[1, 2, 5]/1
[6]/61
[2, 4, 5, 6]/1
[4, 6]/2
[1, 2, 3, 4, 5, 6]/1
[2, 3, 6]/1
[1, 1, 1, 1, 1, 1, 1]/1
[1, 3, 4, 6]/4
[1, 2, 3, 5, 6]/2
===1===
[]/232
[2, 3, 5, 9, 9]/1
[2, 3]/1
[1]/59
[8, 8]/1
[8, 8, 8, 8]/2
[1, 1]/7
===2===
[]/31
[5, 8, 8]/2
[1, 5]/1
[1, 1]/31
[1, 1, 1, 4, 5]/1
[1, 1, 1, 1, 4]/2
[5]/1
===3===
[]/38
[1, 8]/2
[5, 8, 8]/1
[1, 9, 9]/2
[8, 8, 8, 8]/1
[1, 1]/18
[1, 1, 1]/4
[1, 5, 10]/1
===4===
[]/46
[1, 1, 5, 8, 8]/1
[1, 1]/4
[1, 1, 1]/1
[5]/2
===5===
[]/29
[1]/1
[1, 1]/7
[1, 1, 1, 1, 11]/1
[1, 1, 11]/1
===6===
[2, 3]/15
[]/8
[1, 1, 2, 4, 5]/3
[1, 2, 3, 4]/2
[1, 3, 5]/1
[2, 5]/1
[3]/1
[1, 3, 4]/1
[1, 1, 1, 1, 2, 9, 9]/1
[1, 1, 2, 5, 11]/1
[1, 1, 3, 4, 8, 8]/1
[5]/1
[1, 1, 2]/6
[2, 3, 4, 5]/9
[1, 1, 1, 1]/2
[1, 3, 4, 5]/1
[2, 3, 5, 7]/1
[2, 3, 4]/18
[1, 2, 3, 5, 8, 8]/1
[1, 1, 2, 3, 4, 5]/2
===7===
[1, 8]/1
===8===
[]/30
===9===
[]/9
===10===
[]/1
[3, 9]/1
[3]/1
===11===
[1]/1
[8]/1
[1, 3, 4]/1
XXXXXX
===0===
[4, 6, 10]/2
[1, 4, 5, 6]/1
[1, 1, 4]/1
[3, 4, 6]/1
[1, 1, 1, 1, 1, 1, 1, 1]/1
[1, 2, 5]/1
[6]/61
[2, 4, 5, 6]/1
[1, 1, 5]/1
[2, 3, 6]/1
[2, 3, 4, 6]/1
[1, 3, 4, 6]/4
[3, 4, 5, 6]/1
[1, 2, 3, 5, 6]/2
[1, 3, 4, 5, 6]/1
===1===
[]/237
[2, 3, 5, 9, 9]/1
[2, 3]/1
[1]/51
[8, 8]/1
[8, 8, 8, 8]/2
[1, 1]/10
===2===
[]/31
[1, 1, 1, 1, 1, 4]/1
[5, 8, 8]/2
[8]/1
[1, 1]/29
[1, 1, 1]/3
[1, 1, 1, 1, 4]/1
[5]/1
===3===
[]/39
[1]/1
[5, 8, 8]/1
[1, 9, 9]/2
[8, 8, 8, 8]/1
[1, 1]/20
[1, 1, 1]/1
[1, 5, 10]/1
[1, 5, 8]/1
===4===
[]/46
[1, 1, 5, 8, 8]/1
[2, 5]/1
[1, 1]/5
[5]/1
===5===
[]/28
[1, 1]/9
[1, 11]/1
[1, 1, 1, 1, 11]/1
===6===
[1, 1, 1, 3, 4, 8, 8]/1
[2, 3]/14
[1, 2, 5, 8, 8]/1
[]/9
[1, 1, 2, 4, 5]/3
[1, 2, 3, 4]/5
[1, 3, 5]/1
[2, 5]/1
[3]/1
[1, 1, 1, 1, 2, 9, 9]/1
[1, 1, 2]/6
[3, 4, 5]/1
[1, 1, 1, 1, 1, 1]/1
[2, 3, 4, 5]/10
[1, 1, 1, 1]/1
[1, 2, 5, 11]/1
[2, 3, 5, 7]/1
[2, 3, 4]/15
[1, 1, 3, 4]/1
[1, 1, 2, 3, 4, 5]/2
===7===
[1, 8]/1
===8===
[]/30
===9===
[]/9
===10===
[]/1
[3]/1
[9]/1
===11===
[1]/1
[8]/1
[1, 3, 4]/1
XXXXXX
===0===
[1, 4, 5, 6]/1
[1, 1, 4]/1
[3, 4, 6]/3
[1, 1, 1, 5]/1
[3, 4, 9, 10]/1
[1, 2, 5]/1
[6]/61
[2, 4, 5, 6]/1
[2, 3, 6]/1
[1, 1, 1, 1, 1, 1, 1]/1
[1, 1, 2, 3, 4, 6]/1
[1, 3, 4, 6]/3
[1, 2, 3, 5, 6]/2
[1, 3, 4, 5, 6]/1
[3, 4, 6, 10]/1
===1===
[]/245
[2, 3, 5, 9, 9]/1
[1]/48
[8, 8]/1
[8, 8, 8, 8]/2
[1, 1]/5
[1, 2, 3]/1
===2===
[]/31
[1, 8]/1
[5, 8, 8]/2
[1, 5]/2
[1, 1]/25
[1, 1, 1]/6
[1, 1, 1, 1, 4]/2
===3===
[]/39
[8, 8, 8]/1
[5, 8, 8]/1
[1, 9, 9]/2
[1, 1]/15
[1, 1, 1]/7
[1, 5, 10]/1
[1, 5, 8]/1
===4===
[]/47
[1, 1]/5
[1, 1, 1, 5, 8, 8]/1
[1, 2, 5]/1
===5===
[]/29
[1, 1]/8
[1, 1, 1, 1, 11]/1
[1, 1, 11]/1
===6===
[1, 1, 1, 3, 4, 8, 8]/1
[2, 3]/14
[1, 2, 5, 8, 8]/1
[]/9
[1, 1, 2, 4, 5]/3
[1, 2, 3, 4]/3
[1, 3, 5]/1
[2, 5]/1
[1, 1, 1, 1, 2, 9, 9]/1
[3, 4]/1
[5]/1
[1, 1, 2]/6
[1, 1, 1, 1, 1, 1, 1]/1
[2, 3, 4, 5]/10
[1, 2, 5, 11]/1
[1, 3, 4, 5]/1
[2, 3, 4]/17
[2, 3, 5, 7, 8]/1
[1, 1, 1, 1, 1]/1
[1, 1, 2, 3, 4, 5]/2
===7===
[1]/1
===8===
[]/29
[8]/1
===9===
[]/9
===10===
[6]/1
[]/2
===11===
[1]/1
[8]/1
[1, 1, 3, 4]/1
XXXXXX
===0===
[1, 2, 3, 4]/1
[3, 6, 9, 10]/1
[1, 1, 4]/1
[3, 4, 6]/3
[2, 3, 5, 6]/1
[1, 2, 5]/1
[6]/61
[2, 4, 5, 6]/1
[4, 6]/2
[2, 3, 6]/1
[1, 1, 5]/1
[1, 1, 1, 1, 1, 1, 1]/1
[4, 5, 6]/1
[1, 1, 2, 3, 4, 6]/1
[1, 3, 4, 6]/2
[1, 1, 2, 3, 5, 6]/1
===1===
[]/237
[2, 3, 5, 9, 9]/1
[2, 3]/1
[1]/56
[8, 8]/1
[8, 8, 8, 8]/2
[1, 1]/4
[5]/1
===2===
[]/30
[1, 8]/1
[1, 1, 1, 1, 1, 4]/1
[5, 8, 8]/2
[1, 5]/2
[8]/1
[1, 1, 1, 4]/1
[1, 1]/24
[1, 1, 1]/7
===3===
[]/39
[8, 8, 8]/1
[5, 8, 8]/1
[1, 9, 9]/1
[1, 1, 9]/1
[1, 1]/17
[1, 1, 1]/5
[1, 5, 10]/1
[1, 5, 8]/1
===4===
[]/47
[1, 1]/5
[1, 5, 6]/1
[1, 1, 1, 5, 8, 8]/1
===5===
[]/29
[1, 1]/9
[1, 1, 11]/1
===6===
[1, 1, 1, 3, 4, 8, 8]/1
[2, 3]/14
[]/8
[1, 1, 2, 4, 5]/3
[1, 2, 3, 4]/3
[1, 1, 1, 2, 9, 9]/1
[2, 5]/1
[3, 4]/1
[5]/1
[1, 1, 2]/6
[3, 4, 5]/1
[1, 1, 1, 1, 1, 1]/2
[1, 5, 11]/1
[2, 3, 4, 5]/9
[1, 2, 3, 5, 7, 8]/1
[3, 10]/1
[2, 3, 4]/17
[1, 2, 3, 5, 8, 8]/1
[2, 3, 4, 5, 11]/1
[1, 3, 5, 9]/1
[1, 1, 2, 3, 4, 5]/2
===7===
[]/1
===8===
[]/30
===9===
[]/9
===10===
[]/2
[4]/1
===11===
[1, 8]/1
[1, 1]/1
[1, 1, 2, 3, 4]/1
XXXXXX
===0===
[1, 1, 4]/1
[3, 4, 6]/2
[1, 2, 4]/1
[1, 2, 5]/1
[6]/61
[2, 4, 5, 6]/1
[1, 1, 5]/1
[2, 3, 6]/2
[4, 5, 6, 8]/1
[4, 5, 6]/1
[1, 1, 2, 3, 4, 6]/1
[1, 3, 4, 6]/2
[1, 1, 1, 1, 1, 2]/1
[3, 4, 5, 6]/1
[10]/1
[1, 1, 2, 3, 5, 6]/1
[3, 4, 6, 10]/1
===1===
[]/237
[2, 3]/1
[1]/56
[1, 4]/1
[8, 8]/1
[8, 8, 8, 8]/2
[1, 1]/4
[3, 5, 9, 9]/1
===2===
[]/31
[1, 8]/1
[1, 1, 1, 1]/2
[5, 8, 8]/2
[1, 5]/2
[1, 1, 1, 1, 1, 1, 1, 4]/1
[1, 1, 1, 4]/1
[1, 1]/27
[1, 1, 1]/2
===3===
[]/37
[5, 8, 8]/1
[1, 9, 9]/1
[8, 8, 8, 8]/1
[1, 1]/20
[1, 1, 1]/2
[1, 5, 10]/1
[9]/1
[5]/2
[1, 5, 8]/1
===4===
[]/47
[1, 3, 5, 6]/1
[1, 1]/5
[1, 1, 1, 5, 8, 8]/1
===5===
[]/29
[1, 1]/8
[1, 1, 11]/2
===6===
[1, 1, 1, 3, 4, 8, 8]/1
[2, 3]/15
[]/10
[1, 1, 1, 1, 3, 5, 9]/1
[1, 1, 2, 4, 5]/3
[1, 1, 1, 2, 9, 9]/1
[2, 5]/1
[1, 3, 4]/1
[1, 1, 2, 3, 4]/2
[1, 2, 3, 8]/1
[1, 1, 2]/6
[1, 1, 1, 1, 1, 1]/2
[2, 3, 4, 5]/10
[1, 2, 5, 11]/1
[1, 3, 4, 5]/1
[2, 3, 4]/17
[2, 3, 5, 7, 8]/1
[1, 1, 2, 3, 4, 5]/2
===7===
[]/1
===8===
[]/30
===9===
[]/9
===10===
[]/2
[3, 4, 6, 9]/1
===11===
[1, 8]/1
[1, 1]/1
[1, 1, 3, 4]/1
XXXXXX
===0===
[1, 4]/2
[4, 6, 10]/1
[3, 4, 6]/1
[6, 10]/1
[1, 1, 3, 4, 5, 6]/1
[1, 2, 5]/1
[6]/61
[1, 1, 1, 1, 1, 1]/1
[2, 3, 6]/2
[1, 1, 5]/1
[4, 5, 6, 8]/1
[4, 5, 6]/2
[1, 1, 2, 3, 4, 6]/1
[1, 3, 4, 6]/2
[3, 4, 5, 6]/1
[1, 2, 3, 5, 6]/1
===1===
[]/235
[2, 3]/1
[2, 3, 5, 9, 9]/1
[1]/61
[8, 8]/1
[8, 8, 8, 8]/2
[1, 1]/1
[4]/1
===2===
[]/31
[1, 8]/1
[1, 1, 5]/1
[1, 1, 1, 1]/2
[5, 8, 8]/2
[1, 5]/2
[1, 1, 1, 1, 1, 1, 4]/1
[1, 1, 1, 4]/1
[1, 1]/28
===3===
[]/39
[5, 8, 8]/1
[1, 9, 9]/1
[1, 5, 9]/1
[8, 8, 8, 8]/1
[1, 1]/22
[1, 5, 10]/1
[1, 5, 8]/1
===4===
[]/43
[1]/4
[1, 1]/5
[1, 1, 1, 5, 8, 8]/1
[1, 2, 3, 5, 6]/1
===5===
[]/27
[1]/1
[2]/1
[1, 1]/8
[1, 1, 11]/2
===6===
[1, 1, 1, 3, 4, 8, 8]/1
[2, 3]/14
[]/10
[1, 1, 2, 4, 5]/3
[1, 2, 3, 4]/1
[1, 1, 1, 2, 9, 9]/1
[2, 5]/1
[1, 3, 4]/1
[1, 1, 2, 3, 4]/2
[1, 2, 3, 8]/1
[1, 1, 2]/6
[1, 2, 3]/1
[1, 1, 1, 1, 1, 1]/2
[2, 3, 4, 5]/10
[1, 2, 5, 11]/1
[1, 3, 4, 5]/1
[2, 3, 4]/16
[2, 3, 5, 7, 8]/1
[1, 1, 2, 3, 4, 5]/2
[1, 1, 3, 9]/1
===7===
[]/1
===8===
[]/30
===9===
[]/9
===10===
[]/1
[3, 4, 9]/1
[3]/1
===11===
[1, 1, 8]/1
[1, 3, 4]/1
[1, 1]/1
XXXXXX
===0===
[1, 4]/2
[2, 5]/1
[1, 1, 3, 4, 5, 6]/1
[1, 2, 5]/1
[6]/61
[1, 1, 1, 1, 1, 1]/1
[2, 3, 6]/2
[1, 1, 5]/1
[4, 5, 6, 8]/1
[4, 5, 6]/1
[1, 1, 2, 3, 4, 6]/1
[1, 3, 4, 6]/3
[6, 9, 10]/1
[3, 4, 5, 6]/1
[1, 2, 3, 5, 6]/1
[3, 4, 6, 10]/1
===1===
[]/237
[2, 3]/1
[1]/59
[8, 8]/1
[8, 8, 8, 8]/1
[1, 1]/2
[1, 8, 8, 8, 8]/1
[1, 2, 3, 5, 9, 9]/1
===2===
[]/31
[1, 8]/1
[1, 1, 5]/2
[1, 1, 1, 1, 1, 4]/1
[1, 1, 1, 1]/2
[5, 8, 8]/2
[1, 5]/1
[1, 1, 1, 4]/1
[1, 1]/28
===3===
[]/37
[1, 9]/1
[1]/2
[1, 1, 1, 1]/1
[5, 8, 8]/1
[1, 9, 9]/1
[8, 8, 8, 8]/1
[1, 1]/21
[1, 5, 10]/1
[1, 5, 8]/1
===4===
[]/43
[1]/6
[1, 1, 5, 8, 8]/1
[1, 1]/2
[1, 1, 1]/1
[1, 2, 3, 5, 6]/1
===5===
[]/28
[4, 6]/1
[1, 1]/8
[1, 1, 11]/2
===6===
[2, 3]/14
[]/10
[1, 1, 1, 2, 3, 4]/1
[1, 1, 2, 4, 5]/3
[1, 1, 1, 2, 9, 9]/1
[2, 5]/1
[1, 1, 3, 4, 8, 8]/1
[3, 4]/1
[1, 2, 3, 8]/1
[1, 1, 2]/6
[2, 3, 7, 8]/1
[1, 1, 1, 1, 1, 1]/1
[1, 1, 1, 1, 1, 1, 1]/1
[2, 3, 4, 5]/10
[1, 2, 5, 11]/1
[1, 1, 3, 5, 9]/1
[1, 3, 4, 5]/1
[2, 3, 4]/19
[1, 1, 2, 3, 4, 5]/2
===7===
[5]/1
===8===
[]/30
===9===
[]/9
===10===
[]/2
[3, 4]/1
===11===
[1, 1, 8]/1
[1, 3, 4]/1
[1, 1]/1
XXXXXX
===0===
[1, 4]/2
[1, 2, 3, 4, 6]/1
[2, 5]/1
[1, 1, 3, 4, 5, 6]/1
[1, 2, 5]/1
[6]/61
[2, 3, 6]/2
[1, 1, 5]/1
[4, 5, 6]/2
[1, 3, 4, 6]/3
[6, 9, 10]/1
[1, 1, 1, 1, 1]/1
[3, 4, 5, 6]/1
[1, 2, 3, 5, 6]/1
[3, 4, 6, 10]/1
===1===
[]/232
[2, 3, 5, 9, 9]/1
[2, 3]/1
[1]/66
[8, 8]/1
[8, 8, 8, 8]/2
===2===
[]/30
[1, 8]/1
[1, 1, 1, 1]/3
[5, 8, 8]/2
[1, 5]/3
[8]/1
[1, 1, 1, 4]/2
[1, 1]/27
===3===
[]/35
[1]/5
[1, 1, 1, 1]/2
[5, 8, 8]/1
[1, 9, 9]/2
[8, 8, 8, 8]/1
[1, 1]/19
[1, 5, 10]/1
[1, 5, 8]/1
===4===
[]/41
[1]/10
[1, 1, 1, 1]/1
[1, 1, 5, 8, 8]/1
[1, 2, 3, 5, 6]/1
===5===
[]/28
[4, 6]/1
[1, 1]/7
[1, 1, 11]/3
===6===
[2, 3]/14
[]/10
[1, 1, 2, 4, 5]/3
[2, 5]/1
[1, 1, 3, 5]/1
[1, 1, 2, 9, 9]/1
[1, 3, 4]/1
[1, 1, 3, 4, 8, 8]/1
[1, 1, 2, 5]/1
[1, 1, 2, 3, 4]/1
[1, 2, 3, 8]/1
[1, 1, 2]/6
[2, 3, 7, 8]/1
[1, 1, 1, 1, 1, 1]/2
[2, 3, 4, 5]/8
[1, 3, 4, 5]/1
[2, 3, 4]/19
[1, 2, 3, 4, 5]/3
[1, 1, 2, 3, 4, 5]/1
===7===
[5]/1
===8===
[]/30
===9===
[]/9
===10===
[]/2
[3, 4]/1
===11===
[1, 1, 8]/1
[1, 1]/1
[3, 4]/1
XXXXXX
===0===
[1, 4]/2
[4, 6, 10]/1
[1, 1, 1, 5]/1
[1, 2, 5]/1
[6]/61
[2, 4, 5, 6]/1
[2, 3, 6]/2
[4, 5, 6]/2
[2, 3, 4, 6]/1
[1, 3, 4, 6]/3
[9, 10]/1
[1, 1, 1, 1, 1]/1
[3, 4, 5, 6]/1
[1, 2, 3, 5, 6]/1
[1, 3, 4, 5, 6]/1
===1===
[]/235
[1]/63
[8, 8]/1
[8, 8, 8, 8]/2
[1, 2, 3, 5, 9, 9]/1
[1, 2, 3]/1
===2===
[]/31
[1, 8]/1
[1, 1, 1, 1]/1
[5, 8, 8]/2
[1, 5]/3
[1, 1, 1, 4]/1
[1, 1]/28
[1, 1, 1]/2
===3===
[]/32
[1]/10
[5, 8, 8]/1
[1, 9, 9]/2
[8, 8, 8, 8]/1
[1, 1]/16
[1, 5, 10]/1
[1, 1, 1, 1, 1]/2
[7, 8]/1
[1, 5, 8]/1
===4===
[]/41
[1]/10
[1, 1, 1, 1]/1
[1, 1, 5, 8, 8]/1
[1, 2, 3, 5, 6]/1
===5===
[]/29
[1, 1]/7
[1, 1, 11]/3
===6===
[2, 3]/14
[]/10
[1, 1, 2, 4, 5]/3
[1, 1, 1, 2, 9, 9]/1
[2, 5]/1
[1, 1, 3, 4, 8, 8]/1
[1, 1, 2, 3, 4]/1
[1, 2, 3, 8, 8]/1
[1, 1, 2]/6
[1, 1, 1, 1, 1, 1]/2
[2, 3, 4, 5]/9
[1, 3, 4, 5]/1
[2, 3, 4]/20
[1, 1, 1, 2, 5]/1
[1, 2, 3, 4, 5]/1
[1, 1, 3, 4]/1
[3, 5]/1
[1, 1, 2, 3, 4, 5]/2
===7===
[5]/1
===8===
[]/30
===9===
[]/8
[1, 1, 1]/1
===10===
[]/1
[3, 4, 6]/1
[3]/1
===11===
[1, 1, 8]/1
[1, 1]/1
[3, 4]/1
XXXXXX
===0===
[1, 2, 4, 5, 6]/1
[4, 6, 10]/1
[1, 1, 4]/1
[1, 2, 5]/1
[6]/61
[2, 3, 6]/3
[1, 1, 5]/1
[3, 6, 10]/1
[1, 1, 1, 1]/1
[4, 5, 6]/3
[1, 3, 4, 6]/3
[3, 4, 5, 6]/1
[1, 2, 3, 5, 6]/1
[1, 3, 4, 5, 6]/1
===1===
[]/223
[2, 3]/1
[1]/75
[8, 8]/1
[8, 8, 8, 8]/2
[1, 2, 3, 5, 9, 9]/1
===2===
[]/31
[1, 8]/1
[5, 8, 8]/1
[4, 5, 8, 8]/1
[1, 5]/3
[1, 1, 4]/2
[1, 1]/28
[1, 1, 1]/2
===3===
[]/34
[1]/6
[5, 8, 8]/1
[1, 9, 9]/2
[8, 8, 8, 8]/1
[1, 1]/18
[1, 5, 10]/1
[1, 1, 1, 1, 1]/2
[7, 8]/1
[1, 5, 8]/1
===4===
[]/44
[1]/7
[1, 3]/1
[1, 1, 1]/1
[1, 5, 8, 8]/1
===5===
[]/29
[1, 1]/7
[1, 11]/1
[1, 1, 11]/2
===6===
[2, 3]/15
[]/9
[1, 1, 2, 4, 5]/2
[2]/1
[2, 5]/1
[1, 1, 2, 9, 9]/1
[1, 1, 3, 4, 8, 8]/1
[1, 1, 2, 3, 4]/1
[1, 2, 3, 8, 8]/1
[1, 1, 1, 2, 4, 5]/1
[1, 1, 1, 2]/3
[1, 2, 5]/1
[1, 1, 2]/3
[3, 4, 5]/1
[1, 1, 1, 1, 1, 1]/2
[2, 3, 4, 5]/9
[2, 3, 4]/19
[1, 1, 3, 4]/1
[3, 5]/1
[1, 1, 2, 3, 4, 5]/3
===7===
[5]/1
===8===
[]/30
===9===
[]/8
[1, 1]/1
===10===
[]/1
[3]/1
[4, 9]/1
===11===
[1, 8]/1
[1]/1
[1, 3, 4]/1
XXXXXX
===0===
[4, 6, 10]/2
[1, 1, 4]/1
[1, 1, 1, 5]/1
[1, 1, 3, 4, 5, 6]/1
[1, 2, 5]/1
[6]/61
[2, 4, 5, 6]/1
[4, 6]/1
[2, 3, 6]/3
[1, 1, 1, 1]/1
[1, 4, 6]/1
[4, 5, 6]/2
[1, 3, 4, 6]/3
[1, 1, 2, 3, 5, 6]/1
===1===
[]/225
[2, 3]/1
[1]/73
[8, 8]/1
[8, 8, 8, 8]/2
[1, 1, 2, 3, 5, 9, 9]/1
===2===
[]/31
[1, 8]/1
[5, 8, 8]/1
[4, 5, 8, 8]/1
[1, 5]/3
[1, 1, 4]/2
[1, 1]/30
===3===
[]/35
[1]/5
[5, 8, 8]/1
[1, 9, 9]/1
[8, 8, 8, 8]/1
[1, 1]/18
[1, 5, 10]/1
[9, 9]/1
[1, 1, 1, 1, 1]/2
[7, 8]/1
[1, 5, 8]/1
===4===
[]/42
[1]/9
[3]/1
[1, 5, 8, 8]/1
[1, 1, 1]/1
===5===
[]/29
[11]/1
[1, 1]/6
[1, 1, 1]/1
[1, 1, 11]/2
===6===
[2, 3]/14
[]/8
[1, 1, 1, 2, 3, 4]/1
[1, 1, 2, 4, 5]/3
[2, 5]/1
[1, 1, 2, 9, 9]/1
[3]/1
[1, 3, 4]/1
[1, 1, 3, 4, 8, 8]/1
[1, 2, 3, 8, 8]/1
[1, 2, 5]/2
[1, 1, 2]/6
[1, 2, 3]/1
[3, 4, 5]/1
[1, 1, 1, 1, 1, 1]/2
[2, 3, 4, 5]/9
[2, 3, 4]/19
[3, 5]/1
[1, 1, 2, 3, 4, 5]/3
===7===
[5]/1
===8===
[]/30
===9===
[]/8
[1, 1, 5]/1
===10===
[]/1
[3, 9]/1
[3]/1
===11===
[1, 8]/1
[1, 1]/1
[1, 1, 1, 3, 4]/1
XXXXXX
===0===
[1, 4]/1
[1, 1, 1, 5]/1
[4]/1
[1, 2, 5]/1
[6]/60
[1, 1, 1, 1, 1, 1]/1
[2, 3, 6]/3
[4, 5, 6]/4
[1, 3, 4, 6]/3
[6, 8]/1
[3, 4, 6, 9, 10]/1
[1, 2, 3, 5, 6]/1
[3, 4, 6, 10]/1
[1, 3, 4, 5, 6]/1
===1===
[]/231
[2, 3]/1
[1]/67
[8, 8]/1
[8, 8, 8, 8]/2
[1, 2, 3, 5, 9, 9]/1
===2===
[]/33
[5, 8, 8]/2
[1, 5]/3
[1, 1, 4]/1
[1, 1]/30
===3===
[]/35
[1]/2
[5, 8, 8]/1
[1, 5]/1
[1, 1]/20
[2, 7, 8]/1
[1, 1, 1, 1]/1
[1, 9, 9]/1
[8]/1
[8, 8, 8, 8]/1
[9, 9]/1
[1, 5, 10]/1
[1, 1, 1, 1, 1]/1
===4===
[1, 3, 6]/1
[]/34
[1]/16
[1, 1, 5, 8, 8]/1
[2]/1
[1, 1, 1]/1
===5===
[]/29
[1, 1]/7
[1, 11]/1
[1, 1, 11]/2
===6===
[2, 3]/12
[]/7
[1, 1, 1, 2, 3, 4]/1
[1, 1, 2, 4, 5]/2
[1, 2, 3, 4]/1
[2, 5]/2
[1, 1, 2, 9, 9]/1
[3]/3
[1, 3, 4]/1
[1, 1, 3, 4, 8, 8]/1
[1, 1, 2, 3]/1
[1, 2, 3, 8, 8]/1
[4]/1
[1, 1, 1, 2, 4, 5]/1
[1, 2, 5]/1
[1, 1, 1, 2]/1
[1, 1, 2]/5
[1, 1, 1, 1, 1, 1]/2
[2, 3, 4, 5]/9
[1, 3, 4, 5]/1
[2, 3, 4]/19
[1, 1, 2, 3, 4, 5]/3
===7===
[5]/1
===8===
[]/30
===9===
[]/8
[1, 1, 5]/1
===10===
[]/3
===11===
[1, 8]/1
[1, 1]/1
[1, 1, 3, 4]/1
XXXXXX
===0===
[4, 6, 9, 10]/1
[6]/62
[2, 3, 6]/3
[1, 4]/2
[1, 1, 1, 1]/1
[1, 2, 5, 6]/1
[1, 1, 1, 5]/1
[4, 5, 6]/3
[1, 3, 4, 6]/4
[2, 5, 6]/1
[1, 2, 5]/1
===1===
[]/227
[1]/70
[8, 8]/1
[1, 5]/1
[8, 8, 8, 8]/2
[1, 2, 3, 5, 9, 9]/1
[1, 2, 3]/1
===2===
[]/33
[5, 8, 8]/2
[1, 5]/3
[1, 1, 1, 4]/1
[1, 1]/30
===3===
[2, 7, 8]/1
[]/35
[1, 8]/1
[1]/1
[1, 1, 1, 1]/2
[5, 8, 8]/1
[1, 5]/1
[8, 8, 8, 8]/1
[1, 1]/21
[9, 9]/2
[1, 5, 10]/1
===4===
[1, 3, 6]/1
[]/40
[1]/11
[1, 1, 5, 8, 8]/1
[1, 1]/1
===5===
[]/28
[8]/1
[1, 1]/7
[1, 1, 11]/2
[1, 1, 1, 11]/1
===6===
[2, 3]/12
[]/3
[1, 1, 1, 2, 3, 4]/1
[1, 1, 2, 4, 5]/3
[4, 10]/1
[1, 2, 3, 4]/1
[2, 5]/3
[1, 1, 2, 9, 9]/1
[1, 1, 3, 4, 5]/1
[3]/5
[1, 3, 4]/1
[1, 1, 3, 4, 8, 8]/1
[1, 2, 3, 8, 8]/1
[4]/2
[1, 1, 1, 2, 3]/1
[1, 1, 2]/6
[1, 1, 1, 1, 1, 1]/2
[2, 3, 4, 5]/9
[2, 3, 4]/19
[1, 1, 2, 3, 4, 5]/3
===7===
[5]/1
===8===
[]/30
===9===
[]/8
[1, 1, 1, 5]/1
===10===
[]/2
[3]/1
===11===
[1, 8]/1
[1]/1
[1, 1, 3, 4]/1
XXXXXX
===0===
[6]/62
[2, 3, 6]/3
[1, 4]/2
[3, 4, 10]/1
[1, 3, 4]/1
[1, 1, 1, 5]/1
[4, 5, 6]/4
[1, 1, 2, 5, 6]/1
[1, 3, 4, 6]/3
[1, 1, 1, 1, 1]/1
[1, 2, 5]/1
===1===
[]/228
[2, 3]/1
[2, 3, 5, 9, 9]/1
[1]/69
[8, 8]/1
[8, 8, 8, 8]/2
[1, 5, 6]/1
===2===
[]/33
[5, 8, 8]/2
[1, 5]/3
[1, 1, 4]/1
[1, 1]/30
===3===
[1, 2, 7, 8]/1
[]/34
[1, 8]/1
[1]/1
[1, 1, 1, 1]/2
[5, 8, 8]/1
[8, 8, 8, 8]/1
[1, 1]/21
[9, 9]/2
[1, 5, 10]/1
[5]/2
===4===
[1, 3, 6]/1
[]/36
[1]/16
[1, 1, 1, 5, 8, 8]/1
===5===
[]/28
[1, 8]/1
[1, 8, 11]/1
[1, 1]/7
[1, 1, 1, 11]/2
===6===
[2, 3]/12
[]/4
[1, 1, 2, 4, 5]/3
[1, 4]/1
[2, 5]/3
[2]/1
[1, 1, 3, 4, 5]/1
[1, 1, 2, 9, 9]/1
[3]/4
[1, 1, 3, 4, 8, 8]/1
[1, 1, 2, 3]/1
[1, 1, 2, 3, 4]/1
[1, 2, 3, 8, 8]/1
[1, 1, 2]/6
[2, 3, 4, 5]/8
[3, 4, 10]/1
[2, 3, 4]/21
[1, 1, 3, 4]/1
[1, 1, 1, 1, 1]/2
[1, 1, 2, 3, 4, 5]/3
===7===
[5]/1
===8===
[]/30
===9===
[]/8
[1, 1, 1, 5]/1
===10===
[6, 9]/1
[]/2
===11===
[1]/1
[1, 3, 4]/1
[1, 1]/1
XXXXXX
===0===
[1, 4]/2
[1, 4, 5, 6]/1
[1, 5]/1
[1, 2, 5]/1
[6]/62
[2, 3, 6]/3
[3, 6, 10]/1
[1, 1, 1, 1]/1
[1, 1, 2, 6]/1
[4, 5, 6]/3
[1, 3, 4, 6]/3
[1, 3, 4, 5, 6]/1
===1===
[]/231
[2, 3]/1
[1]/67
[8, 8]/1
[8, 8, 8, 8]/2
[1, 2, 3, 5, 9, 9]/1
===2===
[]/33
[1, 4]/1
[1, 1, 1, 1]/1
[5, 8, 8]/2
[1, 5]/3
[1, 1]/29
===3===
[]/35
[1, 8]/1
[1, 1, 1, 1]/2
[5, 8, 8]/1
[1, 9, 9]/1
[8, 8, 8, 8]/1
[1, 1]/22
[9, 9]/1
[1, 5, 10]/1
[5]/1
[1, 2, 7]/1
===4===
[]/35
[1]/17
[1, 3, 5, 6]/1
[1, 1, 1, 5, 8, 8]/1
===5===
[]/27
[1, 8]/1
[1, 8, 11]/1
[1, 1]/8
[1, 1, 1, 11]/2
===6===
[2, 3]/13
[]/3
[1, 1, 2, 4, 5]/3
[1, 1, 4]/1
[2, 5]/2
[2]/2
[1, 1, 3, 4, 5]/1
[1, 1, 2, 9, 9]/1
[3]/2
[1, 1, 3, 4, 8, 8]/1
[3, 4]/1
[1, 2, 3, 8, 8]/1
[1, 1, 2, 3, 4]/1
[4, 9]/1
[1, 1, 2]/6
[1, 1, 1, 1, 1, 1]/2
[2, 3, 4, 5]/7
[3, 4, 10]/1
[2, 3, 4]/20
[1, 2, 3, 4, 5]/3
[3, 5]/2
[1, 1, 2, 3, 4, 5]/2
===7===
[5, 8]/1
===8===
[]/30
===9===
[]/8
[1, 1]/1
===10===
[]/3
===11===
[1]/2
[1, 3, 4]/1
XXXXXX
===0===
[6]/62
[2, 3, 6]/3
[1, 4]/2
[3, 6, 10]/1
[1, 1, 1, 1]/1
[1, 5]/1
[1, 1, 2, 6]/1
[4, 5, 6]/2
[1, 3, 4, 6]/4
[3, 4, 5, 6]/2
[1, 2, 5]/1
===1===
[]/233
[2, 3]/1
[1]/65
[8, 8]/1
[8, 8, 8, 8]/2
[1, 2, 3, 5, 9, 9]/1
===2===
[]/32
[1, 1, 1, 1]/1
[5, 8, 8]/2
[1, 5]/3
[1, 1, 4]/1
[3]/1
[1, 1]/29
===3===
[]/35
[1, 8]/1
[1]/1
[1, 1, 1, 1]/2
[5, 8, 8]/1
[1, 9, 9]/1
[8, 8, 8, 8]/1
[1, 1]/22
[2, 7]/1
[1, 2, 5, 10]/1
[9, 9]/1
===4===
[5, 6]/1
[]/37
[1]/14
[1, 1]/1
[1, 1, 1, 5, 8, 8]/1
===5===
[]/27
[1, 8, 11]/1
[8]/1
[1, 1]/8
[1, 1, 1, 11]/2
===6===
[]/3
[1, 1, 2, 4, 5]/2
[2, 5]/2
[2]/1
[1, 1, 2, 9, 9]/1
[1, 1, 3, 4, 5]/1
[3]/1
[1, 1, 2, 3, 4]/1
[1, 1, 1, 2, 4, 5]/1
[5]/1
[1, 2, 5]/1
[2, 3, 4, 5]/7
[1, 3]/1
[3, 4, 10]/1
[2, 3, 4]/20
[3, 5]/2
[1, 1, 2, 3, 4, 5]/4
[2, 3]/12
[1, 1, 4]/1
[1, 3, 4]/1
[1, 1, 3, 4, 8, 8]/1
[1, 2, 8, 8]/1
[4, 9]/1
[1, 1, 2]/6
[1, 1, 1, 1, 1, 1]/2
[1, 2, 3, 4, 5]/1
===7===
[5, 8]/1
===8===
[]/30
===9===
[]/8
[1]/1
===10===
[]/3
===11===
[1]/2
[1, 3, 4]/1
XXXXXX
===0===
[1, 4]/1
[1, 5]/1
[4]/2
[1, 1, 2, 3, 6]/1
[1, 2, 5]/1
[6]/62
[2, 4, 5, 6]/1
[2, 3, 6]/3
[4, 5, 6]/1
[1, 3, 4, 6]/4
[1, 1, 1, 1, 1]/1
[3, 4, 6, 9, 10]/1
[3, 4, 5, 6]/1
===1===
[]/236
[2, 3]/1
[2, 3, 5, 9, 9]/1
[1]/62
[8, 8]/1
[8, 8, 8, 8]/2
===2===
[]/33
[1, 1, 1, 1]/2
[5, 8, 8]/2
[1, 5]/3
[1, 1, 4]/1
[1, 1]/28
===3===
[]/35
[8, 8, 8]/1
[1, 1, 1, 1]/1
[5, 8, 8]/1
[8]/1
[1, 1]/22
[1, 1, 1, 1, 4]/1
[9, 9]/2
[2, 5, 10]/1
[1, 5, 8]/1
[1, 2, 7]/1
===4===
[3, 6]/1
[]/32
[1]/18
[1, 1, 5, 6]/1
[1, 1]/1
[1, 5, 8, 8]/1
===5===
[]/28
[1, 8, 11]/1
[1, 1]/7
[1, 1, 1]/2
[1, 1, 1, 11]/1
===6===
[2, 3]/14
[]/4
[1, 1, 2, 4, 5]/3
[1, 1, 1, 2, 9, 9]/1
[2, 5]/1
[1, 1, 3, 4, 5]/1
[3]/2
[1, 1, 3, 4, 8, 8]/1
[1, 1, 2, 5, 11]/1
[3, 4]/1
[1, 1, 2, 3, 4]/1
[1, 2, 8, 8]/1
[5]/3
[1, 1, 2]/6
[1, 1, 1, 1, 1, 1, 1]/1
[2, 3, 4, 5]/7
[1, 1, 1, 1]/1
[3, 4, 10]/1
[1, 1, 1, 4]/1
[2, 3, 4]/19
[1, 2, 3, 4, 5]/2
[3, 5]/1
[1, 1, 2, 3, 4, 5]/3
===7===
[5, 8]/1
===8===
[]/29
[8]/1
===9===
[]/8
[1, 1]/1
===10===
[]/3
===11===
[1]/2
[1, 3, 4]/1
XXXXXX
===0===
[1, 4, 5, 6]/1
[4]/2
[1, 2, 5]/1
[4, 6, 9, 10]/1
[6]/60
[2, 4, 5, 6]/1
[4, 6]/3
[1, 1, 1, 1, 1, 1]/1
[2, 3, 6]/3
[1, 1, 5]/1
[4, 5, 6]/1
[1, 3, 4, 6]/4
[1, 1, 2, 3, 5, 6]/1
===1===
[]/244
[2, 3, 5, 9, 9]/1
[1]/54
[8, 8]/1
[8, 8, 8, 8]/2
[1, 2, 3]/1
===2===
[]/33
[1, 1, 1, 1]/2
[5, 8, 8]/2
[1, 5]/3
[1, 1]/29
===3===
[]/35
[1, 8]/1
[8, 8, 8]/1
[5, 8, 8]/1
[1, 1]/20
[5, 9, 9]/1
[1, 1, 1, 1, 4]/1
[1, 2, 5, 10]/1
[1, 1, 1]/2
[2, 7]/1
[9, 9]/1
[1, 1, 1, 1, 1]/1
[1, 5, 8]/1
===4===
[]/34
[1]/12
[1, 1, 5, 6]/1
[1, 1]/6
[1, 5, 8, 8]/1
===5===
[]/28
[1, 1]/9
[1, 1, 11]/1
[1, 1, 8, 11]/1
===6===
[2, 3]/13
[]/4
[1, 1, 2, 4, 5]/3
[1, 2, 3, 4]/1
[1, 1, 1, 2, 9, 9]/1
[1, 5]/1
[1, 1, 4]/1
[2, 5]/1
[1, 1, 1, 1, 2, 4, 5, 11]/1
[3]/5
[1, 1, 3, 4, 8, 8]/1
[1, 2, 3, 8, 8]/1
[1, 1, 2]/6
[1, 1, 1, 1, 1, 1]/1
[2, 3, 8]/1
[2, 3, 4, 5]/8
[1, 1, 1, 1]/1
[3, 4, 10]/1
[2, 3, 4]/19
[1, 2, 3, 4, 5]/1
[3, 5]/1
[1, 1, 2, 3, 4, 5]/3
[1, 1, 1, 3, 4, 5]/1
===7===
[5, 8]/1
===8===
[]/30
===9===
[]/8
[1, 1]/1
===10===
[]/3
===11===
[1]/2
[3]/1
XXXXXX
===0===
[1, 4, 5, 6]/1
[4]/2
[1, 2, 5]/1
[3, 6]/1
[4, 6, 9, 10]/1
[6]/61
[2, 4, 5, 6]/1
[1, 1, 1, 1, 1, 1]/1
[2, 3, 6]/2
[1, 1, 5]/1
[1, 4, 6]/1
[4, 5, 6]/2
[1, 3, 4, 6]/4
[1, 1, 2, 3, 5, 6]/1
===1===
[]/246
[2, 3, 5, 9, 9]/1
[2, 3]/1
[1]/52
[8, 8]/1
[8, 8, 8, 8]/2
===2===
[]/33
[1, 1, 1, 1]/2
[5, 8, 8]/2
[1, 5]/3
[1, 1]/29
===3===
[]/35
[1, 8]/1
[8, 8, 8]/1
[5, 8, 8]/1
[1, 1]/22
[5, 9, 9]/1
[1, 1, 1, 1, 4]/1
[1, 2, 7]/1
[9, 9]/1
[1, 5, 10]/1
[1, 1, 1, 1, 1]/1
[1, 5, 8]/1
===4===
[]/35
[1]/11
[1, 1, 5, 6]/1
[1, 1]/6
[1, 5, 8, 8]/1
===5===
[]/28
[1, 1]/10
[1, 1, 8, 11]/1
===6===
[2, 3]/15
[]/5
[1, 1, 2, 4, 5]/3
[1, 2, 3, 4]/2
[1, 5]/1
[2, 5]/1
[3]/3
[1, 1, 1, 1, 2, 9, 9]/1
[1, 1, 3, 4, 8, 8]/1
[3, 4]/1
[1, 2, 3, 8, 8]/1
[1, 1, 1, 2]/1
[1, 1, 2]/5
[1, 1, 2, 4]/1
[2, 3, 4, 5]/5
[3, 4, 10]/1
[2, 3, 4]/18
[1, 2, 3, 4, 5]/5
[1, 1, 1, 2, 3, 4, 5, 11]/1
[1, 1, 1, 1, 1]/2
[2, 3, 4, 5, 11]/1
[1, 1, 2, 3, 4, 5]/1
[1, 1, 1, 3, 4, 5]/1
===7===
[5, 8]/1
===8===
[]/29
[8]/1
===9===
[]/8
[1, 1, 1]/1
===10===
[]/2
[3]/1
===11===
[1]/3
XXXXXX
===0===
[4, 6, 10]/1
[4]/2
[1, 2, 5]/1
[3, 6]/2
[6]/60
[2, 4, 5, 6]/1
[1, 1, 1, 1, 1, 1]/1
[2, 3, 6]/2
[1, 1, 5]/1
[1, 4, 6]/1
[4, 5, 6]/3
[1, 3, 4, 6]/4
[1, 1, 2, 3, 5, 6]/1
===1===
[]/244
[2, 3]/1
[2, 3, 5, 9, 9]/1
[1]/53
[8, 8]/1
[8, 8, 8, 8]/2
[9]/1
===2===
[]/33
[1, 1, 1, 1]/2
[5, 8, 8]/2
[1, 5]/3
[1, 1]/29
===3===
[]/35
[1, 8]/1
[1, 2, 5, 7]/1
[5, 8, 8]/1
[1, 1]/21
[1, 1, 1, 1, 4]/1
[1, 5, 9, 9]/1
[8, 8, 8, 8]/1
[1, 1, 11]/1
[1, 5, 10]/1
[9]/1
[1, 1, 1, 1, 1]/1
[1, 5, 8]/1
===4===
[]/38
[1]/7
[1, 1, 5, 6]/1
[1, 1]/7
[1, 5, 8, 8]/1
===5===
[]/28
[1, 1, 1, 1]/1
[1, 1]/9
[1, 1, 8, 11]/1
===6===
[2, 3]/15
[]/4
[1, 1, 2, 4, 5]/4
[1, 2, 3, 4]/3
[1, 5]/1
[2, 5]/1
[3]/4
[1, 3, 4]/1
[1, 1, 1, 1, 2, 9, 9]/1
[1, 1, 3, 4, 8, 8]/1
[1, 2, 3, 8, 8]/1
[1, 2, 4]/1
[1, 1, 2]/6
[2, 3, 4, 5]/6
[3, 4, 10]/1
[2, 3, 4]/17
[1, 2, 3, 4, 5]/5
[1, 1, 1, 2, 3, 4, 5, 11]/1
[1, 1, 1, 1, 1]/2
[1, 1, 1, 3, 4, 5]/1
===7===
[8]/1
===8===
[]/30
===9===
[]/8
[1, 1]/1
===10===
[]/2
[9]/1
===11===
[1]/3
XXXXXX
===0===
[4, 6, 10]/1
[4]/2
[1, 2, 5]/1
[3, 6]/1
[6]/61
[2, 3, 6]/2
[1, 1, 5]/1
[1, 1, 4, 6]/1
[4, 5, 6]/4
[1, 3, 4, 6]/4
[1, 1, 1, 1, 1]/1
[1, 1, 2, 3, 5, 6]/1
===1===
[]/248
[2, 3]/1
[1]/50
[8, 8]/1
[8, 8, 8, 8]/2
[1, 1, 2, 3, 5, 9, 9]/1
===2===
[]/33
[1, 1, 1, 1]/1
[5, 8, 8]/2
[1, 5]/3
[1, 1]/29
[1, 1, 1, 1, 9]/1
===3===
[]/34
[1, 8]/1
[1, 1, 1, 1, 1, 4]/1
[5, 8, 8]/1
[1, 1]/21
[5, 9, 9]/1
[1, 2, 5, 10]/1
[1, 5, 7]/1
[8, 8, 8, 8]/1
[1, 1, 11]/1
[9]/2
[1, 1, 1, 1, 1, 2]/1
[1, 5, 8]/1
===4===
[]/37
[1]/6
[1, 1, 5, 6]/1
[1, 1]/9
[1, 5, 8, 8]/1
===5===
[]/27
[1, 3]/1
[1, 1]/9
[1, 1, 1, 4]/1
[1, 1, 8, 11]/1
===6===
[1, 1, 1, 3, 4, 8, 8]/1
[2, 3]/14
[]/3
[1, 1, 2, 4, 5]/4
[1, 2, 3, 4]/1
[4, 10]/1
[1, 5]/1
[2]/1
[2, 5]/1
[3]/5
[1, 1, 1, 1, 2, 9, 9]/1
[1, 3, 4]/1
[1, 2, 3, 8, 8]/1
[1, 2, 4]/1
[1, 1, 2]/6
[2, 3, 4, 5]/7
[2, 3, 4]/19
[1, 2, 3, 4, 5]/4
[1, 1, 1, 1, 1]/2
[1, 1, 2, 3, 5, 11]/1
[1, 1, 1, 3, 4, 5]/1
===7===
[8]/1
===8===
[]/30
===9===
[]/8
[1, 1, 1]/1
===10===
[]/2
[3]/1
===11===
[1]/3
XXXXXX
===0===
[4]/2
[1, 2, 5]/1
[3, 6]/1
[6, 9]/1
[6]/60
[2, 3, 6]/2
[1, 1, 5]/1
[1, 4, 6]/1
[4, 5, 6]/4
[1, 1, 2, 5, 6]/1
[1, 3, 4, 6]/4
[1, 1, 1, 1, 1]/1
[10]/1
===1===
[]/242
[2, 3, 5, 9, 9]/1
[2, 3]/1
[1]/56
[8, 8, 8, 8]/2
[1, 8, 8]/1
===2===
[]/34
[1, 1, 1, 1]/1
[5, 8, 8]/2
[1, 5]/3
[1, 1]/29
===3===
[]/34
[1, 8]/2
[1]/1
[5, 8, 8]/1
[1, 1]/19
[5, 9, 9]/1
[1, 2, 5, 10]/1
[1, 1, 1, 1, 4]/1
[5]/1
[1, 5, 7]/1
[1, 1, 9]/1
[8, 8, 8, 8]/1
[1, 1, 11]/1
[1, 1, 1, 1, 1, 2]/1
[1, 5, 8]/1
===4===
[]/40
[1]/2
[1, 1, 1, 5, 6]/1
[1, 1]/10
[1, 1, 5, 8]/1
===5===
[]/27
[1, 3]/1
[1, 1]/9
[1, 1, 1, 4]/1
[1, 1, 8, 11]/1
===6===
[1, 1, 1, 3, 4, 8, 8]/1
[]/2
[1, 1, 2, 4, 5]/4
[1, 2, 3, 4]/2
[4, 10]/1
[2]/1
[2, 5]/1
[3, 9]/1
[3]/5
[1, 2, 3, 8, 8]/1
[1, 2]/1
[2, 3, 4, 5]/6
[2, 3, 4]/19
[1, 2, 3, 5, 11]/1
[1, 1, 1, 3, 4, 5]/1
[2, 3]/13
[1, 5]/1
[1, 3, 4]/1
[1, 1, 1, 1, 2, 9, 9]/1
[1, 2, 4]/1
[1, 1, 2]/5
[1, 2, 3]/1
[1, 2, 3, 4, 5]/4
[1, 1, 1, 1, 1]/2
===7===
[8]/1
===8===
[]/30
===9===
[]/8
[1, 1, 1, 1]/1
===10===
[]/1
[4, 6]/1
[3]/1
===11===
[1]/3
XXXXXX
===0===
[1, 5]/1
[1, 1, 3, 6]/1
[4]/2
[1, 2, 5]/1
[6, 9]/1
[6]/60
[2, 4, 5, 6]/1
[1, 1, 1, 1, 1, 1]/1
[2, 3, 6]/2
[1, 4, 6]/1
[4, 5, 6]/3
[1, 3, 4, 6]/4
[9, 10]/1
[1, 1, 1, 2, 3, 5, 6]/1
===1===
[]/245
[2, 3]/1
[1]/53
[8, 8, 8, 8]/2
[1, 8, 8]/1
[1, 2, 3, 5, 9, 9]/1
===2===
[]/33
[1]/1
[5, 8, 8]/2
[1, 5]/3
[1, 1]/29
[1, 1, 1, 1, 1]/1
===3===
[]/34
[1, 8]/2
[5, 8, 8]/1
[4, 5]/1
[1, 1]/20
[5, 9, 9]/1
[1, 11]/1
[1, 1, 1, 1, 4]/1
[7]/1
[1, 1, 9]/1
[8, 8, 8, 8]/1
[1, 5, 10]/1
[1, 1, 1, 1, 1, 2]/1
[1, 5, 8]/1
===4===
[]/40
[1]/3
[1, 3, 5, 6]/1
[1, 1]/9
[1, 1, 5, 8]/1
===5===
[]/27
[1, 1, 1, 1, 4, 11]/1
[1, 3]/1
[1, 1]/9
[1, 1, 8, 11]/1
===6===
[1, 1, 1, 3, 4, 8, 8]/1
[2, 3]/15
[]/4
[1, 1, 2, 4, 5]/4
[1, 2, 3, 4]/1
[1, 5]/1
[2, 5]/1
[3]/4
[1, 3, 4]/1
[1, 1, 1, 1, 2, 9, 9]/1
[1, 2, 3, 8, 8]/1
[1, 1, 2]/6
[1, 2]/1
[2, 3, 4, 5]/5
[2, 4]/1
[3, 4, 10]/1
[2, 3, 5]/1
[2, 3, 4]/19
[1, 2, 3, 4, 5]/5
[1, 1, 1, 1, 1]/2
[1, 1, 1, 3, 4, 5]/1
===7===
[1, 5, 8]/1
===8===
[]/30
===9===
[]/8
[1, 1, 1, 1]/1
===10===
[]/2
[4, 6]/1
===11===
[1]/3
XXXXXX
===0===
[1, 4, 6, 8]/1
[6, 10]/1
[4]/1
[1, 2, 5]/1
[6]/60
[1, 6, 9]/1
[2, 3, 6]/2
[1, 1, 5]/1
[4, 5, 6]/5
[1, 3, 4, 6]/5
[1, 1, 1, 1, 1]/1
[1, 1, 2, 3, 5, 6]/1
===1===
[]/246
[2, 3]/1
[1]/52
[8]/1
[8, 8, 8, 8]/2
[1, 2, 3, 5, 9, 9]/1
===2===
[]/33
[1]/1
[1, 1, 1, 1]/1
[5, 8, 8]/2
[1, 5]/3
[1, 1]/29
===3===
[]/34
[1, 8]/2
[2, 4, 5]/1
[5, 8, 8]/1
[1, 1]/20
[5, 9, 9]/1
[1, 11]/1
[5, 10]/1
[1, 1, 1, 1, 4]/1
[1, 1, 1, 1, 2]/1
[1, 9]/1
[8, 8, 8, 8]/1
[2, 7]/1
[1, 5, 8]/1
===4===
[]/40
[1]/2
[3]/1
[1, 1]/10
[1, 5, 8]/1
===5===
[]/28
[1, 1, 1, 1, 1, 3, 4, 11]/1
[1, 1]/9
[1, 1, 8, 11]/1
===6===
[1, 1, 1, 3, 4, 8, 8]/1
[]/3
[1, 1, 2, 4, 5]/2
[1, 2, 3, 4]/4
[4, 10]/1
[2, 5]/2
[2]/2
[3]/5
[1, 2, 3, 8, 8]/1
[1, 1, 1, 2, 4, 5]/1
[1, 1, 1, 2]/1
[1, 2]/1
[2, 3, 4, 5]/4
[1, 3]/1
[1, 1, 1, 1, 1, 2, 9, 9]/1
[2, 3, 4]/16
[1, 1, 1, 3, 4, 5]/1
[1, 1, 2, 3, 4, 5]/1
[2, 3]/13
[1, 5]/1
[1, 3, 4]/1
[1, 1, 2]/5
[1, 2, 3, 4, 5]/6
[1, 1, 1, 1, 1]/2
===7===
[1, 5, 8]/1
===8===
[]/30
===9===
[]/8
[1, 1, 1, 1]/1
===10===
[]/1
[3]/1
[4, 9]/1
===11===
[1]/3
XXXXXX
===0===
[1, 2, 3, 4, 6]/1
[1, 4, 6, 8]/1
[6, 10]/1
[4]/1
[1, 2, 5]/1
[6]/60
[1, 6, 9]/1
[2, 3, 6]/2
[1, 1, 5]/1
[1, 1, 1, 1]/1
[4, 5, 6]/5
[1, 3, 4, 6]/4
[1, 1, 2, 3, 5, 6]/1
===1===
[]/249
[2, 3]/1
[1]/49
[8]/1
[8, 8, 8, 8]/2
[1, 1, 2, 3, 5, 9, 9]/1
===2===
[]/33
[5, 8, 8]/2
[1, 5]/3
[1, 1]/30
[1, 1, 1, 1, 1]/1
===3===
[]/34
[1, 8]/1
[2, 4, 5]/1
[1, 1, 8]/1
[1, 1, 1, 1, 1, 4]/1
[5, 8, 8]/1
[1, 1]/20
[1, 11]/1
[5, 9, 9]/1
[5, 10]/1
[1, 1, 1, 2]/1
[1, 9]/1
[2, 5, 7]/1
[8, 8, 8, 8]/1
[1, 5, 8]/1
===4===
[]/39
[1]/3
[3]/2
[1, 1]/9
[1, 5, 8]/1
===5===
[]/28
[1, 1, 1, 1, 1, 3, 4, 11]/1
[1, 1]/9
[1, 1, 1, 8, 11]/1
===6===
[1, 1, 1, 3, 4, 8, 8]/1
[2, 3]/13
[]/4
[1, 1, 2, 4, 5]/2
[1, 2, 3, 4]/6
[1, 5]/1
[1, 1, 4]/1
[2, 5]/2
[2]/1
[1, 1, 3, 4, 5]/1
[3]/5
[1, 2, 3, 8, 8]/1
[1, 1, 1, 2, 4, 5]/1
[1, 1, 1, 2]/2
[1, 1, 2]/4
[1, 2]/1
[2, 3, 4, 5]/8
[3, 4, 10]/1
[1, 1, 1, 3]/1
[1, 1, 1, 1, 1, 2, 9, 9]/1
[2, 3, 4]/14
[1, 2, 3, 4, 5]/3
[1, 1, 1, 1, 1]/2
===7===
[1, 8]/1
===8===
[]/30
===9===
[]/8
[1, 1, 1, 1]/1
===10===
[]/2
[4, 9]/1
===11===
[1]/3
XXXXXX
===0===
[4, 9, 10]/1
[1, 5]/1
[1, 4, 6, 8]/1
[4]/1
[1, 2, 5]/1
[6]/60
[2, 3, 6]/2
[1, 1, 1, 1]/1
[1, 4, 6]/1
[4, 5, 6]/5
[1, 3, 4, 6]/5
[1, 1, 2, 3, 5, 6]/1
===1===
[]/248
[2, 3]/1
[1]/50
[8]/1
[8, 8, 8, 8]/2
[1, 1, 2, 3, 5, 9, 9]/1
===2===
[]/33
[1, 1, 1, 1]/1
[5, 8, 8]/2
[1, 5]/3
[1, 1]/30
===3===
[]/34
[1, 8]/1
[1, 1, 1, 1, 1, 4]/1
[5, 8, 8]/1
[4, 5]/1
[1, 1]/20
[5, 9, 9]/1
[1, 11]/1
[1, 1, 1, 1, 2]/1
[1, 9, 9]/1
[8, 8, 8, 8]/1
[5, 7]/1
[1, 5, 10]/1
[1, 5, 8]/2
===4===
[]/39
[1, 8]/1
[3]/3
[1, 1]/11
===5===
[]/28
[1, 1, 1, 1, 1, 3, 4, 11]/1
[1, 1]/8
[1, 1, 1]/1
[1, 1, 1, 8, 11]/1
===6===
[1, 1, 1, 3, 4, 8, 8]/1
[2, 3]/16
[]/4
[1, 1, 2, 4, 5]/2
[1, 2, 3, 4]/5
[1, 5]/1
[1, 1, 4]/1
[2, 5]/2
[2]/2
[1, 1, 3, 4, 5]/1
[3]/2
[1, 2, 3, 8, 8]/1
[1, 1, 1, 2, 4, 5]/1
[1, 1, 2]/7
[2, 3, 4, 5]/8
[3, 4, 10]/1
[1, 1, 1, 1, 1, 2, 9, 9]/1
[2, 3, 4]/14
[1, 2, 3, 4, 5]/2
[1, 1, 3]/1
[1, 1, 1, 1, 1]/2
[1, 1, 1, 2, 3, 4, 5]/1
===7===
[1, 8]/1
===8===
[]/30
===9===
[]/8
[1, 1, 1]/1
===10===
[6]/1
[]/2
===11===
[1]/3
XXXXXX
===0===
[1, 5]/1
[1, 2, 6, 8]/1
[4]/1
[1, 2, 5]/1
[6]/60
[4, 6]/1
[2, 3, 6]/2
[4, 5, 6]/5
[1, 3, 4, 6]/5
[9, 10]/1
[1, 1, 1, 1, 1, 2]/1
[1, 2, 3, 5, 6]/1
===1===
[]/245
[1]/53
[1, 1, 3, 5, 9, 9]/1
[8]/1
[8, 8, 8, 8]/2
[1, 2, 3]/1
===2===
[]/32
[5, 8, 8]/2
[1, 5]/3
[1, 1]/31
[5]/1
===3===
[]/33
[1, 8]/1
[1, 1, 1, 1, 1, 4]/1
[5, 8, 8]/1
[4, 5]/1
[1, 1]/21
[1, 11]/1
[1, 1, 1, 2]/1
[1, 1, 9, 9]/1
[1, 9, 9]/1
[2, 5, 7]/1
[8, 8, 8, 8]/1
[1, 5, 10]/1
[1, 8, 8]/1
[1, 5, 8]/1
===4===
[]/40
[1]/1
[3]/2
[1, 1]/11
===5===
[]/28
[1, 1, 1, 1, 3, 4, 11]/1
[1, 1]/9
[1, 1, 1, 8, 11]/1
===6===
[1, 1, 1, 3, 4, 8, 8]/1
[2, 3]/15
[]/3
[1, 2, 3, 4]/3
[1, 1, 2, 4, 5]/1
[1, 4]/2
[2]/2
[2, 5]/2
[1, 1, 3, 4, 5]/1
[3]/4
[1, 2, 3, 8, 8]/1
[1, 1, 1, 1, 1, 1, 2, 9, 9]/1
[1, 1, 1, 2, 4, 5]/2
[5]/1
[1, 1, 2]/6
[2, 3, 4, 5]/7
[3, 4, 10]/1
[2, 3, 4]/16
[1, 2, 3, 4, 5]/3
[1, 1, 3]/1
[1, 1, 1, 1, 1]/2
[1, 1, 1, 2, 3, 4, 5]/1
===7===
[1, 8]/1
===8===
[]/30
===9===
[]/8
[1, 1, 1, 5]/1
===10===
[]/2
[4, 6]/1
===11===
[1]/3
XXXXXX
===0===
[1, 2, 3, 4, 6]/1
[1, 1, 1, 1, 1, 9]/1
[1, 2, 6, 8]/1
[4]/1
[1, 2, 5]/1
[3, 6]/1
[4, 6, 9, 10]/1
[6]/60
[5, 6]/1
[2, 3, 6]/2
[1, 1, 5]/1
[4, 5, 6]/3
[1, 1, 2, 5, 6]/1
[1, 3, 4, 6]/4
[3, 4, 5, 6]/1
===1===
[]/244
[1]/55
[1, 2, 3, 5, 9]/1
[8, 8, 8, 8]/2
[1, 2, 3]/1
===2===
[]/33
[5, 8, 8]/2
[1, 5]/3
[1, 1]/30
[1, 1, 1, 8]/1
===3===
[]/33
[1, 8]/1
[1, 1, 1, 1, 1, 4]/1
[5, 8, 8]/1
[1, 1]/21
[5, 10]/1
[1, 11]/1
[5]/1
[1, 1, 9, 9]/1
[1, 1, 1, 1]/1
[1, 1, 8, 8]/1
[1, 9, 9]/1
[8, 8, 8, 8]/1
[2, 7]/1
[1, 5, 8]/1
===4===
[]/40
[1]/3
[1, 1]/11
===5===
[]/28
[1, 1, 1, 1, 3, 4, 11]/1
[1, 1]/9
[1, 1, 8, 11]/1
===6===
[1, 1, 1, 3, 4, 8, 8]/1
[2, 3]/13
[]/3
[1, 1, 2, 4, 5]/2
[1, 4]/2
[2, 5]/2
[1, 1, 3, 4, 5]/1
[3]/5
[1, 1, 2, 3]/1
[1, 1, 1, 1, 1, 1, 2, 9, 9]/1
[1, 2, 3, 8, 8]/1
[5]/1
[1, 1, 1, 2, 4, 5]/1
[1, 1, 2]/6
[2, 3, 4, 5]/9
[2, 4]/1
[3, 4, 10]/1
[2, 3, 4]/20
[1, 2, 3, 4, 5]/2
[1, 1, 1, 1, 1]/2
[1, 1, 1, 2, 3, 4, 5]/1
===7===
[1, 5, 8]/1
===8===
[]/30
===9===
[]/8
[1, 1, 5]/1
===10===
[]/3
===11===
[1]/3
XXXXXX
===0===
[4, 10]/1
[1, 2, 5, 6]/1
[1, 2, 3, 4, 6]/1
[1, 1, 1, 1, 1, 9]/1
[4]/1
[1, 2, 5]/1
[6]/61
[2, 4, 5, 6]/1
[2, 3, 6]/2
[1, 1, 5]/1
[1, 6, 8]/1
[4, 5, 6]/3
[1, 3, 4, 6]/4
[3, 4, 5, 6]/1
===1===
[]/242
[1]/57
[8, 8, 8, 8]/2
[1, 1, 2, 3, 5, 9]/1
[1, 2, 3]/1
===2===
[]/34
[1, 1, 8]/1
[5, 8, 8]/2
[1, 5]/2
[1, 1]/30
===3===
[]/33
[1, 8]/1
[1, 1, 1, 1, 1, 4]/1
[5, 8, 8]/1
[1, 1]/21
[1, 11]/1
[5]/2
[1, 1, 9, 9]/2
[1, 1, 8, 8]/1
[8, 8, 8, 8]/1
[2, 7]/1
[1, 5, 10]/1
[1, 5, 8]/1
===4===
[]/37
[1]/5
[1, 1]/12
===5===
[]/28
[1, 8, 11]/1
[1, 1, 1, 3, 4, 11]/1
[1, 1]/9
===6===
[1, 1, 1, 3, 4, 8, 8]/1
[2, 3]/13
[]/3
[1, 1, 2, 4, 5]/1
[1]/1
[1, 5]/1
[2, 5]/2
[3]/5
[1, 3, 4]/1
[1, 1, 1, 1, 2, 9, 9]/1
[1, 2, 3, 8, 8]/1
[1, 1, 1, 2, 4, 5]/2
[1, 1, 1, 2, 3]/1
[1, 1, 2]/6
[2, 3, 4, 5]/9
[2, 4]/1
[3, 4, 10]/1
[1, 3, 4, 5]/1
[2, 3, 4]/20
[1, 2, 3, 4, 5]/2
[1, 1, 1, 1, 1]/2
[1, 1, 2, 3, 4, 5]/1
===7===
[1, 5, 8]/1
===8===
[]/30
===9===
[]/8
[1, 1, 5]/1
===10===
[6, 9]/1
[]/2
===11===
[1]/2
[1, 1]/1
XXXXXX
===0===
[1, 1, 4, 6, 8]/1
[4, 10]/1
[1, 4]/1
[1, 2, 5, 6]/1
[1, 1, 1, 1, 1, 9]/1
[1, 2, 5]/1
[6]/61
[2, 3, 6]/2
[1, 1, 5]/1
[4, 5, 6]/5
[1, 3, 4, 6]/4
[1, 3, 4, 5, 6]/1
===1===
[]/242
[1]/56
[2]/1
[8, 8, 8, 8]/2
[1, 1, 2, 3, 5, 9]/1
[1, 2, 3]/1
===2===
[]/34
[1, 8]/1
[5, 8, 8]/1
[4, 5, 8, 8]/1
[1, 5]/2
[1, 1]/30
===3===
[]/33
[1, 8]/1
[1, 1, 1, 1, 1, 4]/1
[5, 8, 8]/1
[1, 1]/21
[1, 11]/1
[5]/2
[1, 1, 9, 9]/2
[7]/1
[1, 1, 8, 8]/1
[8, 8, 8, 8]/1
[1, 5, 10]/1
[1, 5, 8]/1
===4===
[]/38
[1]/3
[1, 1]/13
===5===
[]/28
[1, 1, 1, 3, 4, 11]/1
[1, 1]/9
[1, 11]/1
===6===
[1, 1, 1, 3, 4, 8, 8]/1
[2, 3]/15
[]/1
[2, 4, 5]/1
[1]/2
[2, 5]/2
[2]/3
[1, 1, 3, 4, 5]/2
[3]/4
[1, 3, 4]/1
[1, 1, 1, 1, 2, 9, 9]/1
[1, 1, 2, 3]/1
[1, 2, 3, 8, 8]/1
[1, 1, 1, 2, 4, 5]/2
[1, 1, 1, 2, 3]/1
[1, 1, 2]/5
[2, 3, 4, 5]/9
[3, 4, 10]/1
[2, 3, 4]/19
[1, 2, 3, 4, 5]/2
[1, 1, 1, 1, 1]/2
===7===
[1, 5, 8]/1
===8===
[]/30
===9===
[]/8
[1, 1, 5]/1
===10===
[6, 9]/1
[]/2
===11===
[1, 8]/1
[1, 1]/2
XXXXXX
===0===
[1, 1, 4]/1
[1, 5]/1
[1, 2, 5, 6]/1
[1, 3, 5, 6]/1
[1, 1, 1, 1, 1, 9]/1
[6, 10]/1
[1, 2, 5]/1
[6]/61
[2, 3, 6]/2
[1, 2, 4, 6, 8]/1
[4, 5, 6]/5
[1, 3, 4, 6]/4
===1===
[]/243
[1]/55
[8, 8, 8, 8]/2
[1, 1, 2, 3, 5, 9]/1
[1, 2]/1
[1, 2, 3]/1
===2===
[]/34
[1, 8]/1
[5, 8, 8]/2
[1, 5]/2
[1, 1]/29
[1, 7]/1
===3===
[]/36
[1, 8]/1
[1, 1, 1, 1, 1, 4]/1
[5, 8, 8]/1
[1, 1]/19
[1, 11]/1
[1, 1, 9, 9]/2
[8, 8, 8, 8]/1
[1, 1, 1]/2
[1, 5, 10]/1
[1, 8, 8]/1
[1, 5, 8]/1
===4===
[]/39
[1]/2
[1, 1]/13
===5===
[]/28
[1, 1, 1, 3, 4, 11]/1
[1, 1]/9
[1, 11]/1
===6===
[2, 3]/14
[]/1
[2, 4, 5]/1
[4, 10]/1
[1, 4]/1
[1]/2
[2, 5]/2
[2]/2
[1, 1, 3, 4, 5]/2
[3]/3
[1, 1, 1, 1, 2, 9, 9]/1
[1, 1, 3, 4, 8, 8]/1
[1, 1, 2, 3]/1
[1, 2, 3, 8, 8]/1
[1, 1, 1, 2, 4, 5]/2
[1, 1, 1, 2, 3]/1
[4, 9]/1
[1, 1, 2]/5
[2, 3, 4, 5]/11
[2, 3, 4]/18
[1, 2, 3, 4, 5]/2
[1, 1, 3, 4]/1
[1, 1, 1, 1, 1]/2
===7===
[1, 1, 5, 8]/1
===8===
[]/30
===9===
[]/8
[1, 5]/1
===10===
[]/1
[3]/2
===11===
[1, 1, 8]/1
[1, 1]/2
XXXXXX
===0===
[1, 2, 5, 6]/1
[1, 5]/1
[1, 3, 5, 6]/1
[4]/1
[1, 2, 5]/1
[6]/61
[2, 3, 6]/2
[1, 2, 4, 6, 8]/1
[1, 1, 1, 1]/1
[4, 5, 6]/5
[1, 3, 4, 6]/4
[3, 4, 6, 9, 10]/1
===1===
[]/239
[8, 8, 8]/1
[1]/59
[8, 8, 8, 8]/1
[1, 2, 3, 5, 9, 9]/1
[1, 2, 3]/2
===2===
[]/34
[1, 8]/1
[5, 8, 8]/2
[1, 5]/2
[1, 1]/29
[1, 7]/1
===3===
[]/36
[1, 8]/1
[1, 1, 1, 1, 1, 4]/1
[5, 8, 8]/1
[1, 1]/20
[1, 11]/1
[1, 1, 9, 9]/2
[8, 8, 8, 8]/1
[1, 5, 10]/1
[1, 8, 8]/1
[1, 1, 1, 1, 8]/1
[1, 5, 8]/1
===4===
[]/38
[1]/2
[1, 1]/14
===5===
[]/28
[1, 1, 1, 3, 4, 11]/1
[1, 1]/9
[1, 11]/1
===6===
[2, 3]/14
[]/3
[2, 4, 5]/1
[4, 10]/1
[1]/1
[2, 5]/2
[2]/2
[1, 1, 3, 4, 5]/1
[3]/3
[1, 1, 1, 1, 2, 9, 9]/1
[1, 1, 3, 4, 8, 8]/1
[1, 1, 2, 3]/2
[1, 2, 3, 8, 8]/1
[4]/1
[1, 1, 1, 2, 4, 5]/2
[1, 1, 2]/5
[2, 3, 4, 5]/11
[2, 3, 4]/18
[1, 2, 3, 4, 5]/2
[1, 1, 3, 4]/1
[1, 1, 1, 1, 1]/2
[1, 1, 4, 5]/1
===7===
[1, 1, 5, 8]/1
===8===
[]/30
===9===
[]/8
[1, 1, 5]/1
===10===
[]/2
[3]/1
===11===
[1, 1, 8]/1
[1, 1]/2
XXXXXX
===0===
[3, 6, 9, 10]/1
[1, 2, 5, 6]/1
[1, 3, 5, 6]/1
[1, 2, 6, 8]/1
[4]/1
[1, 2, 5]/1
[6]/61
[2, 3, 6]/2
[1, 1, 5]/1
[4, 5, 6]/5
[1, 3, 4, 6]/4
[1, 1, 1, 1, 1]/1
===1===
[]/242
[8, 8, 8]/1
[1]/56
[8, 8, 8, 8]/1
[1, 1, 2, 3]/1
[1, 2, 3, 5, 9, 9]/1
[1, 2, 3]/1
===2===
[]/33
[5, 8, 8]/2
[1, 5]/2
[8]/1
[1, 1]/29
[1, 7]/1
[1, 4, 8]/1
===3===
[]/35
[1, 8]/1
[8, 8, 8]/1
[1, 1, 1, 1, 1, 4]/1
[5, 8, 8]/1
[1, 1]/21
[1, 1, 9, 9]/1
[1, 1, 8, 8]/1
[8]/1
[5, 8]/1
[1, 5, 10]/1
[9, 9]/1
[1, 1, 1, 1, 8]/1
===4===
[]/37
[1, 1, 5]/1
[1]/3
[1, 1]/13
===5===
[]/28
[1, 1, 3, 4, 11]/1
[1, 1]/9
[1, 1, 11]/1
===6===
[2, 3]/13
[]/1
[2, 4, 5]/1
[1]/2
[2, 5]/2
[2]/2
[1, 1, 3, 4, 5]/1
[3]/3
[1, 1, 1, 1, 2, 9, 9]/1
[1, 1, 3, 4, 8, 8]/1
[1, 1, 2, 3]/2
[1, 2, 3, 8, 8]/1
[4]/3
[1, 1, 1, 2, 4, 5]/2
[1, 1, 2]/5
[1, 2, 3]/1
[2, 3, 4, 5]/10
[3, 4, 10]/1
[2, 3, 4]/18
[1, 2, 3, 4, 5]/2
[1, 1, 3, 4]/1
[1, 1, 1, 1, 1]/2
[2, 3, 4, 5, 11]/1
===7===
[1, 1, 5, 8]/1
===8===
[]/30
===9===
[]/7
[1, 1, 5]/1
[1]/1
===10===
[]/3
===11===
[1]/2
[1, 1, 1]/1
XXXXXX
===0===
[3, 6, 9, 10]/1
[1, 3, 5, 6]/1
[4]/1
[1, 2, 5]/1
[6]/61
[2, 3, 6]/2
[1, 1, 5]/1
[1, 1, 1, 1]/1
[1, 1, 2, 6]/1
[4, 5, 6]/5
[1, 1, 2, 5, 6]/1
[1, 3, 4, 6]/4
===1===
[]/246
[8, 8, 8]/1
[1]/52
[8, 8, 8, 8]/1
[1, 1, 2, 3, 5, 9, 9]/1
[1, 2, 3]/2
===2===
[]/34
[5, 8, 8]/2
[1, 5]/2
[1, 1]/28
[1, 1, 1]/1
[1, 7]/1
[4, 8, 8]/1
===3===
[]/35
[1, 8]/1
[1, 1, 1, 1, 1, 8]/1
[5, 8, 8]/1
[1, 1]/20
[1, 2, 5, 10]/1
[1, 9, 9]/1
[8]/1
[8, 8, 8, 8]/1
[1, 1, 11]/1
[1, 1, 1, 8, 8]/1
[9, 9]/1
[1, 1, 1, 1, 1]/1
[1, 5, 8]/1
===4===
[]/38
[1]/1
[1, 5]/1
[1, 1]/14
===5===
[]/28
[1, 3, 4, 11]/1
[1, 1]/9
[1, 1, 11]/1
===6===
[2, 3]/12
[]/1
[2, 3, 8, 8]/1
[1]/1
[2, 5]/2
[2]/2
[1, 1, 3, 4, 5]/1
[3]/4
[1, 1, 1, 1, 2, 9, 9]/1
[1, 1, 3, 4, 8, 8]/1
[1, 1]/1
[1, 1, 2, 3]/2
[4]/3
[1, 1, 1, 2, 4, 5]/2
[1, 1, 2]/5
[2, 3, 4, 5]/10
[3, 4, 10]/1
[1, 2, 4, 5]/1
[2, 3, 4]/19
[1, 2, 3, 4, 5]/3
[1, 1, 3, 4]/1
[1, 1, 1, 1, 1]/2
===7===
[1, 1, 5, 8]/1
===8===
[]/30
===9===
[]/7
[1, 1, 5]/1
[1, 1]/1
===10===
[]/3
===11===
[1]/2
[1, 1, 1, 1]/1
XXXXXX
===0===
[3, 6, 9, 10]/1
[1, 3, 5, 6]/1
[4]/1
[1, 2, 5]/1
[6]/61
[2, 3, 6]/2
[1, 1, 5]/1
[1, 1, 1, 1]/1
[1, 1, 4, 6]/1
[4, 5, 6]/5
[1, 1, 2, 5, 6]/1
[1, 3, 4, 6]/4
===1===
[]/244
[8, 8, 8]/1
[1]/51
[8]/1
[8, 8, 8, 8]/1
[1, 1]/2
[1, 2, 3, 5, 9, 9]/1
[1, 2, 3]/2
===2===
[]/34
[7]/1
[8, 8]/1
[5, 8, 8]/2
[1, 5]/2
[1, 1]/29
===3===
[]/36
[1, 8]/1
[1, 1, 1, 1, 1, 8]/1
[5, 8, 8]/1
[1, 1]/21
[1, 2, 5, 10]/1
[1, 9, 9]/1
[8, 8, 8, 8]/1
[9, 9]/1
[1, 1, 1, 8, 8]/1
[1, 1, 1, 1, 1]/1
[1, 5, 8]/1
===4===
[]/38
[1]/1
[1, 5]/1
[1, 1]/14
===5===
[]/28
[1, 3, 4, 11]/1
[1, 1]/9
[1, 1, 11]/1
===6===
[2, 3]/11
[]/1
[2, 4, 5]/1
[2, 5]/2
[2]/2
[1, 1, 3, 4, 5]/1
[3]/4
[1, 1, 1, 1, 2, 9, 9]/1
[1, 1, 3, 4, 8, 8]/1
[1, 1]/1
[1, 1, 2, 3]/1
[4]/3
[1, 1, 1, 2, 4, 5]/2
[1, 1, 2]/6
[1, 2, 3]/2
[2, 3, 8]/1
[2, 3, 4, 5]/10
[3, 4, 10]/1
[2, 3, 4]/19
[1, 2, 3, 4, 5]/2
[1, 1, 3, 4]/1
[1, 1, 1, 1, 1]/2
[2, 3, 4, 5, 11]/1
===7===
[1, 1, 1, 5, 8]/1
===8===
[]/29
[8]/1
===9===
[]/7
[1, 1, 5]/1
[1, 1]/1
===10===
[]/3
===11===
[1]/2
[1, 1, 1, 1]/1
===0===
[6]/0.6703475868957978
[2, 3, 6]/0.02202619404855975
[4, 6]/0.06508820955246056
[3, 4, 6]/0.034846649162280106
[1, 3, 6]/0.014049699924990562
[1, 3, 4, 6]/0.013742435608901602
[4, 5, 6]/0.012179419854961035
===1===
[]/0.7545012820862851
[1]/0.22594605747152283
===2===
[]/0.47256089384656264
[1]/0.017757917740312264
[1, 1]/0.4058920527234744
[1, 5]/0.01007722945229846
[5, 8, 8]/0.02777592948967563
===3===
[]/0.5545176592657155
[1]/0.010879884150141144
[1, 1]/0.31557986511565694
[5]/0.013922883705999879
[5, 8, 8]/0.015762895947814267
===4===
[]/0.7743633130494948
[1]/0.025467941059342237
[1, 1]/0.08853972752458791
[1, 5]/0.0210298871014053
===5===
[]/0.6987196799205974
[1]/0.17417597989246975
[1, 1]/0.07270163694764456
===6===
[]/0.053355773153824455
[1]/0.018044313710006133
[2]/0.01240250852187649
[5]/0.01254260933655868
[2, 3]/0.16990280464859658
[1, 1, 2]/0.05133335965565264
[2, 4]/0.014579960779678774
[2, 5]/0.02317026625076326
[3, 5]/0.010906345007313068
[1, 2, 3]/0.012147049920384512
[1, 1, 1, 2]/0.012579460654645009
[2, 3, 4, 5]/0.09528329450787938
[1, 3, 4]/0.011408115186699805
[1, 2, 3, 4, 5]/0.012527671391543867
[1, 1, 1, 2, 3]/0.012092496808418566
[2, 3, 4]/0.22959364841217236
===7===
[1, 8]/0.07941985496376384
[]/0.02124031007751955
[1, 1, 8]/0.0554138534633765
[1]/0.061615403850976566
[1, 5]/0.07221805451364764
[1, 1, 1, 5]/0.06121530382597011
[1, 1]/0.04901225306327321
[1, 1, 1, 1, 5, 8]/0.032808202050511756
[5]/0.02800700175043654
[1, 1, 1, 8]/0.07361840460117024
[1, 1, 1, 5, 8]/0.08833708427109523
[1, 1, 5]/0.053213303325841
[1, 1, 1, 1]/0.01920480120030062
[1, 1, 1, 1, 5]/0.015803950987748106
[8]/0.018604651162791353
[1, 1, 1]/0.04801200300075707
[5, 8]/0.034808702175544035
[1, 1, 1, 1, 8]/0.015203800950238693
[1, 5, 8]/0.06581645411354435
[1, 1, 5, 8]/0.09382345586399625
===8===
[]/0.9886971742908307
===9===
[]/0.9344752854887055
[1, 1]/0.010138645772554548
[9]/0.014470284237729654
===10===
[]/0.7538017837769453
[3]/0.07562223889305585
[3, 4, 6, 9]/0.01887138451279376
[6]/0.017004251062766224
[6, 9]/0.023605901475363584
[3, 6]/0.01113611736267501
[4, 6]/0.013536717512712912
[3, 6, 9]/0.01160290072518238
[4, 6, 9]/0.01206968408768975
[9]/0.01693756772526524
===11===
[1, 8]/0.052346419938287446
[1, 1, 8]/0.04854546970073139
[1]/0.14113528382107632
[1, 1]/0.3081437025921294
[1, 1, 1, 3, 4]/0.013870134200218176
[1, 1, 1, 2]/0.010669334000167641
[1, 1, 1, 8]/0.032874885388000284
[1, 1, 1, 1]/0.032474785362994
[1, 3]/0.018337917812785893
[8]/0.010535967325165535
[1, 1, 1]/0.16502458948054688
[1, 1, 3, 4]/0.015337167625241338
[1, 3, 4]/0.013403350837710807
[1, 1, 2, 3]/0.010602650662666588
[1, 1, 3]/0.010802700675169747
[1, 1, 1, 1, 8]/0.010936067350171852
[1, 1, 1, 1, 1]/0.013269984162708701
Done!
