0,1,2,3,8,4,6
0,2,1,10,4,3,5,5
0,1,2,3,5,5,7,4,9
0,1,9,7,4,2,3,6
0,1,8,2,3,4,6
0,1,2,3,4,8,11
0,1,5,5,10,9,7,2,3,4,6
0,1,4,2,5,5,9,3,6
0,1,2,3,9,6,5,5,4
0,1,2,3,9,4,7,10,5,5
0,1,2,4
0,2,1,9,8,4,3,5,5,6
0,2,1,4
0,2,4,9,1,3
0,1,7,2,3,5,5,9,4,6
0,2,1,10,3,7,4,9,6
0,1,2,4,3,5,5
0,1,3,2,4
0,1,2,4,3,5,5
0,2,1,7,4,6
0,2,1,8,7,4
0,1,2,11,4,7,3,6
0,2,3,1,4
0,1,2,3,4,5,5,6
0,1,2,8,3,4,3
0,1,4,2,6
0,2,1,4,9,5,5,3,6
0,1,5,5,2,4,7
0,2,1,4,3,6
0,1,2,3,10,9
0,1,2,3,11,4,6
0,1,2,3,4,7,10,9,6
0,1,2,3,4,12
0,1,2,8
0,2,4,11,3,1,6
0,1,4,3
0,2,1,3,4,9
0,1,2,4,11,3,6
0,1,2,3,5,5,7,9,4,6
0,2,1,9,3,4,6,5,5
