0,1,10,4,2,3
0,10,4,5,13,3,1,11
0,13,1,10,4,2,3,8
0,13,1,10,4,5,3,2
0,13,1,10,4,8,2
0,13,6,9,4,8,10,1,3,7,2,6
0,1,12,10,13,4,8,2
0,13,5,7,10,3,1,7
0,1,3,5,9,13,7
0,1,10,3,5,9,13
0,13,10,4,8,2,1
0,1,10,2,3,4,5,13
0,1,10,4,2,3,5,13,
0,13,1,10,4,3,2,5
0,13,10,5,9,8,4,1,2,6,4
0,13,4,8,5,9,10,2,6,1
0,13,1,10,5,3
0,13,1,10,4,5,2,3
0,1,10,4,8,2
0,13,10,4,8,1,2
0,10,3,7,5,9,12,1
0,13,1,2,5,9,8,4,3
0,1,10,3,5,13,8
0,13,1,10,4,5,2,3
0,1,12,10,3,2,4,8,13,7,5,9
0,10,5,3,2,13,9,8,4
0,5,9,13,10,4,1
0,13,1,10,5
0,10,5,1,9
0,13,1,10,4,2
0,1,10,3,2,8,9,13
0,1,10,3,2,5,4,9,8
0,10,5,9,13,3,1,7,3,4,8
0,10,4,8,5,9,1,13,3,6,2,7
0,1,12,10,2,3,7,4,5,13
0,1,12,2,3,13,4,5,7,6
0,13,5,9,10,4,1,2
0,13,10,4,2,13,1,3
0,1,10,4,8,2,13
0,1,10,3,2,4,5