0,10,4,5,2,3,1
0,1,10,2,3,4,8,5,9
0,1,2,3,10,5,9,4,8,11
0,10,3,2,5,4,8,9,1,6,7,11
0,1,11,2,10,3,5,9,4,8
0,1,10,4,5,9,8,11,3,7
0,1,10,4,5,9,8,6,7
0,1,12,10,5,9,4,8,3,7,2,6,
0,9,5,4,8,10,12,1,11,3,7,2,6
0,1,10,2,6,3,7,4,8,5,9
0,1,10,4,3,2
0,11,1,2,10,4,5,3,6,9,8
0,1,2,5,9,4,8,3
0,5,4,10,2,3,9,8,1
0,9,10,3,4,8,2,12,1,11
0,5,9,4,8,10,12,1,3,2,6,11
0,5,4,8,7,10,2,6,3,7,1
0,11,1,12,3,10,5,4
0,8,9,4,5,10,3,2,12,1,11
0,5,4,9,8,3,10,2,1,7
0,1,2,10,5,4,3
0,1,10,2,3,4,8,5,9
0,1,3,2,10,11,4,5,9,8
0,5,9,4,8,10,3,1,2
0,1,10,2,3,7,6,4,5,8,9,11
0,1,12,2,6,10,3,7,4,8,5,9
0,1,10,2,3,7,6,5,4,9,8,11
0,5,9,4,8,10,2,3,7,1,11,6
0,1,12,2,10,5,9,4,8,3,11
0,1,10,4,8,5,9,2,3,6,7
0,1,10,4,5,2,3,6,7,9,8
0,1,3,7,2,10,4,5,8,9
0,1,10,5,9,4,8,3,2
0,10,5,9,4,2,3,1
0,1,10,5,4
0,1,10,4,5,3,2
0,3,10,5,9,4,8,12
0,1,10,4,8,5,9,2,6,3,7
0,10,5,4,2,3,1
0,1,10,4,8,5,9,3,2