Overall logProb: -2552.770238567519
Seq probs: 
-26.925556153546665
-31.796533799662512
-31.36467130355565
-27.502458896075044
-31.516391052466478
-26.148548054131613
-21.604576450341096
-31.919600803368823
-30.55861515271112
-38.86368324383058
-37.65085142114854
-26.489420250965573
-26.51185695794315
-31.970863515529608
-39.15066551422133
-22.15070703150295
-24.576718819969468
-32.321520524024585
-37.72322506653271
-33.72948666242557
-36.89713599043879
-21.961225617544535
-54.09130613972489
-21.60302480845819
-26.405957324185273
-26.237573027588006
-41.68649195839949
-25.803199538266828
-48.978151352187446
-30.872873241492552
-39.92883926778786
-36.9379716413546
-31.356268988076657
-21.87591872507888
-41.247793214280094
-21.842329038915153
-43.53713254204767
-26.834066113458086
-35.04019259312979
-25.897773261035667
-19.55765060405578
-25.181731076381464
-26.000801903760227
-32.12513206841453
-26.83894919125517
-21.830406835443704
-13.755765219818796
-38.99089681515037
-32.80868105896227
-38.53037106367983
-26.053541293456973
-26.293425891856266
-50.43519689124523
-53.00725394741081
-38.57471580845709
-26.9198018208979
-22.52961619569143
-34.41011098679292
-42.35683713010947
-39.06190919919348
-22.759055882156765
-30.582751264077586
-35.48196887681732
-35.25621780079613
-33.18728192024578
-21.600154377226175
-35.21831067872804
-27.809317339126245
-42.41795311682244
-21.757036339157253
-44.21874505538036
-40.23980050931667
-38.45492931641975
-26.21566062315163
-31.41769509500232
-21.65988334938355
-33.164655087226265
-35.257455584023035
-32.12994385539504
-39.16745243762977
