Overall logProb: -2245.0398987696335
Seq probs: 
-31.8380047033565
-23.805894001546417
-35.659682445569295
-21.25592497421901
-25.869989924145287
-21.55392202972903
-17.123914632641757
-25.31392256315812
-25.635697392506835
-33.06648974355795
-32.307193278466364
-21.551619373054777
-20.260476093102575
-25.318565234679827
-33.23316560509743
-17.363227659040472
-19.948833950739385
-25.374517571648546
-33.124594634368506
-27.182257155352232
-36.143284338565
-16.97344415231199
-47.594389635177414
-17.413142700367754
-23.31617849916946
-21.523765010904903
-38.23534212111107
-21.26694592193112
-43.36600794351904
-26.06870495758902
-42.09646584986352
-38.44832103137595
-26.059086906148273
-17.17583130179502
-38.96049974543461
-16.679173068088193
-37.47406227205726
-21.687211882037747
-33.90406693478206
-21.693485764254394
-16.031074210877232
-20.688701642476364
-31.344364613354895
-25.606170476018402
-29.5705074695837
-26.04872148619116
-11.24260541527876
-32.85462688142746
-34.587027151699594
-39.50417256952449
-21.369864019305123
-20.249688878780724
-43.67760254910254
-48.3181738662563
-37.92969351460652
-21.12483738644877
-23.73583172689506
-27.44677060582766
-39.271257357604036
-32.63456689513916
-27.635715564760314
-25.560414986260856
-28.76396419780677
-31.123639115602632
-26.197036586992972
-17.155346299105034
-27.26030380895281
-28.588549299214876
-37.43377952006374
-16.15281052250597
-39.42573078458464
-36.94701669515851
-33.56660936667882
-21.239894107592438
-26.30038334592289
-16.763276160412463
-26.024580550592738
-34.6078564940729
-25.692244997946396
-32.497184646542834
