Overall logProb: -2498.7536884667747
Seq probs: 
-31.3908603492943
-26.98689462936893
-37.72524730780008
-24.312562238912086
-29.77218221847664
-24.01608052936707
-19.019774201395133
-28.67781352516675
-28.961059208922595
-36.81667206185928
-36.63337243692176
-24.862136517611383
-23.302815831106525
-28.501210590521847
-36.658012913846555
-19.154643269651224
-22.098436016345026
-28.976502439801937
-36.32206743025061
-31.777922844625483
-38.46151514494784
-19.94783190647514
-52.91016984582227
-19.20988442729995
-25.115387527201154
-23.971477279912246
-42.30893363925527
-24.295658414680872
-48.29735741923746
-29.359366558817865
-46.39628494596333
-42.39458169837386
-29.224665580380456
-19.5142007613333
-41.10930480944737
-19.128580124863156
-41.54538272044807
-25.17461935308812
-37.22193358352318
-23.939129136769523
-18.06170408072104
-24.146910871879733
-30.49008949956817
-28.84624699159032
-33.651299240445624
-28.9066854502595
-12.234793924577264
-35.95553857785238
-37.34906103985779
-44.373083386312395
-24.09241641162286
-23.466552126783565
-48.48587711885262
-52.86822992257103
-42.67026243025056
-24.067464362673523
-26.90993041210363
-31.777808798394844
-43.2372640996566
-36.1294950669858
-29.185777985366915
-28.97155510909419
-32.77149891286983
-34.48238862762832
-29.27958006052565
-19.77604765772081
-30.991311575909158
-32.83787141585106
-41.56863136124154
-19.475946693237233
-42.993733628149435
-40.13960802075286
-36.566304299416736
-24.391410156069295
-29.708002737660326
-19.334886162475378
-29.17678807148062
-39.53647924129707
-28.88944197770487
-35.46317952027843
