Overall logProb: -2107.2449035608083
Seq probs: 
-29.52404855470479
-21.877293653450312
-35.931628908884925
-19.340328829173945
-23.854678798197863
-19.206530851803315
-15.121507545813493
-23.265070351925697
-23.22689940348752
-30.59639957465701
-30.583011365185946
-19.49728055651647
-18.350476783331356
-23.136325803369374
-31.471266367810305
-15.004274991342072
-18.723659552283046
-23.256199575156288
-30.606234776861946
-25.033328964718226
-35.76775361144763
-15.584301501960432
-44.84994259319375
-15.015132049526446
-22.158223032598276
-19.181603354745633
-35.795492285436815
-19.163111158947835
-41.37526916597189
-23.59098777265274
-42.099942793479556
-39.80387061909476
-23.67348750248191
-15.169128165486434
-37.48984586283587
-14.981560498250568
-35.82146277303986
-19.50948892465565
-31.48275770838588
-19.040181913145002
-14.521423361920675
-19.295128841762132
-29.415697000061662
-23.508034378929594
-29.010491774816433
-24.241174783390154
-10.157141773623572
-30.64753931562767
-34.70399056977154
-40.63113813386227
-19.722135834467498
-18.470346492092474
-41.381974263696534
-45.63649959151897
-39.302109546806484
-19.226622388735557
-22.012260348522496
-25.333294338986143
-37.068844094938534
-30.49613831898551
-25.97889057493856
-23.276675661195018
-26.625921655522315
-29.372585645596356
-23.860830796139233
-15.32919118442479
-24.94222113312809
-28.50043144214342
-35.04568665604826
-15.121635060482754
-37.75870485727268
-34.55600516539056
-31.152176050969775
-19.289404009792346
-23.977437379304224
-15.18268066463607
-23.45428835959286
-35.94237086536887
-23.35583617203534
-30.57995657830032
