Overall logProb: -1842.5734570394488
Seq probs: 
-25.09357437647772
-18.42909989430153
-31.28127753201278
-16.74015831982121
-20.766785429204653
-15.783400560218835
-11.619716890882923
-20.517288596687216
-19.881343836492924
-27.89286006194315
-27.732806777884935
-16.30504238478701
-16.00160047186191
-20.003919033564014
-29.15531506419595
-11.444181627459285
-16.231969977872087
-20.506088890657033
-27.253358025436402
-22.117701924165083
-30.86310301855158
-12.210486360997853
-41.50996960831351
-11.615780285388734
-20.25535226211781
-15.829213993444192
-32.59430565952698
-15.83059755747647
-39.387433088755216
-20.149256178552477
-37.069277290809
-33.906193766001714
-20.40161134482084
-12.16633972751855
-34.252778350974346
-12.542863556931648
-33.481059690542885
-16.353438682499466
-28.380226503234564
-15.711984865327691
-12.461762466740764
-16.31398019739684
-24.9912686144316
-20.48680391652929
-23.28256422407817
-19.10880684591915
-8.516149864421935
-27.922584321167957
-29.703762299267304
-35.831073828615445
-16.659703937752276
-16.02985612503001
-38.50204929915707
-42.35412222952605
-34.08624729255287
-16.034061606656937
-17.54752505762709
-22.058727402234254
-35.166385631537764
-27.130389656624878
-21.63088116744102
-19.89120434997901
-23.405838036011122
-26.661218373115904
-20.88930957011746
-12.171666706197033
-21.622205688480037
-23.14431976360469
-31.447066949960853
-12.792563846866846
-35.868977363085015
-30.733050190471747
-28.53892351708967
-15.80151558694589
-20.7985509171099
-12.545122760883114
-21.021262165624528
-30.82810901930183
-20.80900788329751
-28.516076898886027
