Overall logProb: -2511.579544289179
Seq probs: 
-26.64372326318507
-29.473773343770045
-30.636187317218
-27.628890117746785
-31.106263407842913
-26.679957193408683
-21.011627503116483
-31.129159224649705
-30.403087107950807
-37.29971550076608
-37.07768896392374
-26.521540220446916
-24.16572357849578
-31.108431013087845
-38.245334986904574
-20.52655998301112
-24.093785624601765
-30.88632569870129
-36.63941410966203
-32.71927164173933
-34.90208230899577
-21.415723609398697
-53.47485560187213
-20.838979700497863
-25.695085826807382
-26.527588552354374
-42.859254425058566
-26.370174470301272
-49.33675771080336
-31.63946137762894
-42.50593384736755
-38.2354998698863
-30.226383939894212
-21.139286453265974
-41.44995171282359
-21.31523609792204
-41.64671463648954
-26.629975882999
-38.008924765489176
-26.139883430632384
-19.46256858158622
-25.03324442941445
-27.008100584133306
-31.941185031276657
-28.43870240117648
-23.688403775193304
-12.371182211069817
-36.61661976607948
-33.26136753803524
-39.01137974342987
-24.79633732396288
-24.267003154407067
-50.66353475990216
-52.95864357726045
-38.96505299565805
-26.91909063914992
-18.660961597401876
-32.049637958803665
-43.20814973076244
-37.751515350634826
-22.116769953630705
-30.198644194026567
-34.81068490262879
-33.519277625733984
-32.372058891853236
-20.93568208845742
-33.88922087835957
-27.37938950331476
-41.63452067935733
-23.6917328183078
-41.083174363206474
-36.02162760031549
-37.44542519833956
-26.518756121055205
-31.443484898138337
-21.5297996239448
-32.2251392682241
-35.3104002127829
-31.06230745685247
-36.96455284059449
