Overall logProb: -1840.799032435922
Seq probs: 
-25.204819476026195
-18.44476519063238
-31.277968004260206
-16.650356669713737
-20.834330094841796
-15.689353189754597
-11.73102245519944
-20.537059806828136
-19.829129942466178
-27.74292004996775
-27.755111232611977
-16.366897088559654
-16.022939881451816
-20.120576906153406
-29.101278494344097
-11.53162123637582
-16.193450226583817
-20.578832365454776
-26.975182589042326
-22.04915605759165
-31.016864552279518
-12.099822220580823
-41.534095690783715
-11.479195489725877
-20.228095874121767
-15.723747359211519
-32.47307444513287
-15.725896803482852
-39.087675043148174
-20.16730894908779
-37.284491130518795
-33.84842949870913
-20.38641345347644
-12.210305676952288
-34.63679384912356
-12.472849119347762
-33.28563518785721
-16.34123004873749
-28.32211862099838
-15.68744209042038
-12.392020906011052
-16.341613253647676
-24.974824101867714
-20.475002378304502
-23.22647806366448
-19.03609869543097
-8.546816140305443
-27.83054148033991
-29.750568517500074
-35.59170859830339
-16.608148801864434
-16.109958376936724
-38.524045098291545
-42.427490796856425
-34.01805886288045
-16.112356039602215
-17.58366967795291
-22.134681863108348
-34.98663626971094
-27.07310528046736
-21.607869816740873
-19.786626407801432
-23.534466076571587
-26.725664647014494
-20.839501115221722
-12.138134222582583
-21.434043158530528
-23.024349306262188
-31.630944443653757
-12.845784219295416
-35.70443145386198
-30.592600333658382
-28.40230007195505
-15.80291324923682
-20.785907189548077
-12.576180800647641
-20.761282768501786
-30.78812290499257
-20.795468519273925
-28.630362465968847
