Overall logProb: -2477.2093493425023
Seq probs: 
-33.73761612157004
-26.590981090592088
-40.10980535217744
-23.477226507135605
-28.78171612025147
-23.912022062075245
-19.264548995278613
-27.827589924655467
-28.575999557066993
-35.96823515510594
-35.42363338693014
-23.877739082525725
-22.850639955221233
-28.355913318943838
-36.270603026855476
-19.129332297091715
-22.43743959646159
-27.86672357196881
-35.99333844810672
-30.27048214902621
-39.45825455366739
-18.867690250103593
-51.296717809668515
-19.061539608148994
-25.0333915353948
-23.78153749261391
-41.40694685322577
-23.947322738068216
-46.22488674707157
-28.752564506515256
-47.4214565228645
-44.51727555928077
-28.506069766665917
-19.045466390819193
-41.45027446456748
-18.457470399686102
-40.31293942756174
-23.818028902723686
-36.766934791562555
-23.415752103583607
-18.039989483127943
-23.54216446634453
-33.656944873580585
-28.399008888579765
-34.60918067244206
-30.43097725727754
-12.941531139215707
-35.2899267719983
-38.88705955040685
-45.96854195872703
-23.458435990038588
-22.889849435280254
-46.9308149709564
-51.9597704005017
-43.83503024991531
-23.769198831999546
-27.178969335986416
-30.59434099176363
-41.107968252271135
-35.62808586777654
-30.501569006969433
-28.439923319456607
-31.40477308800162
-34.126537589481934
-28.79096736139463
-18.958633471047943
-30.18939957653053
-33.11061351324197
-40.71203683774461
-18.470749341823616
-41.789369518138244
-40.65350199185942
-35.696889817065845
-24.171343553236152
-28.84074794366891
-18.167449111503306
-28.899782799235457
-40.394814450499325
-27.97345743549281
-34.534894085087174
