Overall logProb: -2421.4455521315263
Seq probs: 
-33.53717324876678
-26.316586732927174
-36.644729744452746
-23.413939296531552
-28.488734362604404
-23.286176021221046
-18.693809491912027
-28.132444189008613
-28.19869268072791
-35.893174092884834
-35.089728086766755
-23.586860907619368
-22.312616822195615
-28.103886053109946
-35.74742793463926
-18.668819890931175
-22.14705549548086
-27.612505293755117
-35.74489454089382
-29.886678151159575
-38.096844709843666
-18.744991185864553
-50.814763547152516
-18.942444394291986
-24.46388935264254
-23.576426543086555
-41.00740884920202
-23.411450824056235
-46.739439765987655
-28.19849821717355
-42.676757567361
-41.13847836452217
-28.379460135232932
-18.833239942442095
-40.98690455333977
-18.303196393733987
-40.06660314929257
-23.442104731062482
-36.42189010313715
-23.453054199733664
-17.36680286595575
-22.427558797975554
-33.899240831328335
-28.13698331209054
-30.96427302556008
-27.28701212104093
-12.33830866306488
-35.10755825061409
-36.893878452728806
-42.131430855274544
-23.289739954967942
-22.384443468387072
-46.51686770337902
-52.015878712500836
-41.2595889933707
-23.268349603665673
-25.428855454950323
-30.212207183659167
-41.2896615393433
-35.34067016013009
-27.791600495738724
-28.305960993411922
-31.378204599746006
-33.41207347831564
-28.446751457048947
-18.680502624480532
-30.14900079612071
-31.448758504965443
-40.49649771416143
-18.002728187611034
-41.15721402156732
-40.0083483717503
-35.77818734370722
-23.778384723065486
-28.434862798060205
-18.531921974608995
-28.792470690433362
-37.68006333239523
-27.7178846053074
-34.691045902295556
