Overall logProb: -1949.499654164499
Seq probs: 
-27.13163012744348
-19.848731658142263
-33.51659247278501
-17.783336042124077
-22.003102197800104
-16.98303649798064
-12.969829987278215
-21.637792287455017
-21.088416112156665
-28.88066392326349
-29.09721356746035
-17.630172972125038
-17.000529009897356
-21.27736993306049
-29.92617941067898
-13.186493444665208
-16.95620549930291
-21.615946754325858
-28.37169314713529
-23.239078556363033
-32.97319773194343
-13.62981840820645
-42.412849556932755
-13.153172373391794
-21.01737454510912
-17.234041273446113
-33.74120262757633
-17.16833505761913
-39.95026292159915
-21.49586286078301
-39.2479001852792
-36.29306449270546
-21.705578757580938
-13.617556273831424
-35.504725264912445
-13.694299618259732
-34.16781460737602
-17.70255153756432
-29.65596772170409
-17.172320635045455
-13.477810060548734
-17.42560031241218
-27.22978346138658
-21.544014107274915
-25.615290044024544
-21.424786690476644
-9.146582728807486
-28.94229591973878
-32.33787939438191
-37.85196620015609
-17.813310821202535
-17.128301190617336
-39.500493237960896
-43.54985745881078
-36.15720295386083
-17.15822943678556
-19.757591534913256
-23.175176476376514
-35.4619390846361
-28.597176442793703
-23.736692116162327
-21.08707697419878
-24.808300095447144
-27.552262498110107
-21.764650474251276
-13.493979756119979
-22.850958365391868
-25.53029420758394
-32.80654304766976
-13.741334027029353
-36.483052305620234
-32.399610228526804
-29.48850213887154
-17.093803725411448
-22.117160628261125
-13.779350669550727
-21.912490117921006
-33.032741668414374
-21.661478117852745
-29.18217539262962
