Overall logProb: -2105.333968805571
Seq probs: 
-29.030782994037768
-21.765024747806056
-35.99130138929248
-19.373583693861466
-23.845629911818317
-19.249623306180233
-15.093748191327697
-23.25571394651061
-23.297398365072358
-30.710114420409216
-30.65232366865489
-19.711846091602297
-18.419558619480178
-23.19507479374612
-31.47013034828388
-15.106341914878268
-18.584893447056025
-23.38013235948696
-30.623086475281113
-24.95841432268105
-35.53933394815159
-15.364848796368877
-44.66130064186299
-15.069121073513731
-22.300409527228435
-19.02171200445271
-35.39800742893366
-19.173672074235274
-41.316772647302194
-23.558795968165672
-41.857483999352894
-39.33544832005248
-23.52662423187497
-15.460509760777589
-37.01214503136137
-15.301452819348448
-35.76758812248553
-19.635746501749303
-31.724224700991623
-19.272558752141112
-14.710568019335254
-19.226954198866192
-29.78845115780282
-23.505541671472695
-28.86963542185718
-24.46271999227455
-10.202710695553023
-30.452736050113963
-34.822315503136586
-40.639692044753254
-19.39478175740937
-18.476853860888244
-40.813574971034
-45.48243758016183
-39.16781161111022
-19.164167118702085
-21.974046960221074
-25.108112067838455
-37.32814825794393
-30.217545489125932
-26.257948673814404
-23.33811293283039
-26.730289916880775
-29.419192167348562
-23.616927990905317
-15.33530494201283
-24.98094015672039
-28.550430868553327
-34.93131976354094
-15.308587737699545
-37.65601908084357
-34.55384329890137
-31.235876826956186
-19.24216553399342
-24.011558101663685
-15.113579037713057
-23.687944607272012
-35.49107242458206
-23.42426891000837
-30.62730204591328
