Overall logProb: -1955.9893444223078
Seq probs: 
-26.93281532423031
-19.957784143037863
-33.367288960490086
-18.00456167974698
-22.02244529580914
-17.07519758370162
-13.435417581366114
-21.434484542208537
-21.360805265333312
-29.190657111323443
-29.19456359253841
-17.69353413474388
-17.070303557949117
-21.299739938924965
-30.2266242727053
-13.149779225885025
-17.119780853472665
-21.654977636196133
-28.55889485940579
-23.21416053628941
-33.248855428768245
-13.715898045702778
-42.59916542357377
-13.209127855560935
-21.07711045359571
-17.24857323538924
-33.604123030436725
-17.183040340287285
-39.81070883724196
-21.61041741150843
-39.43691412038059
-36.73280612101407
-21.71745838953238
-13.563924922654529
-35.34776139320182
-13.57806340307695
-34.20670925596193
-17.684394954765075
-29.859675501513745
-17.22908977937773
-13.329011555880678
-17.616187628704363
-27.057171969399366
-21.616019816261016
-25.81720024009025
-21.757318609589365
-9.209287321776658
-28.77827627362545
-32.11643902549571
-38.07334148516708
-18.018719452888703
-17.056265364792203
-39.38163394555318
-43.62508377851185
-36.53524041763775
-17.443007386742707
-19.9175471051695
-23.219378190007994
-35.61173964040458
-28.548030682347356
-24.08487978987836
-21.37484696548097
-24.867901930607978
-27.80418014212279
-21.956493500861388
-13.834823627825651
-22.833698597387563
-25.892480065001724
-32.893023071031905
-13.818388052377784
-36.43070192476896
-32.49001248201048
-29.55901789745957
-17.222855347685407
-21.936006765462388
-13.526861225002703
-21.803694347865687
-33.171483888940614
-21.899837246722225
-29.2336236648656
