Overall logProb: -2236.1340476188675
Seq probs: 
-31.169017283009957
-23.138302721285914
-37.51612205486023
-20.789986267564295
-25.3586100773084
-20.724013074199462
-16.65585576772565
-24.91591785050602
-24.92771061767328
-32.682723048686015
-32.2341548663176
-20.919207534236907
-19.635356637481397
-24.95076071589297
-33.036929080820904
-16.61065879987205
-19.867791649358477
-25.029765296726843
-32.72990354938715
-26.861595605768237
-37.247270902916526
-16.193561228316156
-46.9256687768838
-16.500708432890963
-22.877462655944143
-20.975207459571166
-37.61545498337315
-20.927130035342323
-43.3697802937405
-25.597176679155258
-42.71350219094994
-41.08558067335098
-25.53882515317145
-16.698833304073077
-39.22364275392006
-16.433799469792692
-37.33525526718873
-20.83268715016861
-33.501127695232235
-21.063947147397155
-15.646549880208399
-20.47297906970185
-31.48983943777405
-25.168365869631387
-30.88252644800227
-26.361918872149456
-10.804941516440431
-32.292642171111986
-35.86652372887227
-42.00178863008684
-20.975437651563695
-19.59013359236092
-43.218696543858854
-48.04222968024206
-41.00597274011017
-20.67287621801166
-23.925241164345035
-27.331048668921444
-38.84773568624587
-32.195705099884485
-28.089510022127705
-25.25536486329448
-28.893000373387252
-30.915148880865086
-25.47765762200325
-16.621522202617005
-27.230556341202178
-30.13604325444173
-37.14531014396325
-15.732143470267827
-39.319059357451415
-37.23024938407855
-32.922948794475914
-20.91599180947129
-25.90234010494128
-16.007095073514495
-25.534670130940412
-36.87347470051797
-24.893184286211557
-31.834619381511622
