Overall logProb: -2491.263968418469
Seq probs: 
-34.542554572851195
-26.996181775961315
-37.19435129662913
-24.428563749505127
-29.226876112623216
-24.478410840131488
-19.488503470113503
-28.475868524237356
-29.146840433018212
-36.75052007028093
-37.44532029282643
-24.888556274990407
-23.543006439317136
-28.82484597908448
-37.39651189503888
-19.474413022414733
-22.637243638385264
-28.745061235537918
-36.79686085877485
-31.759838884084754
-38.52872015862599
-19.096438171657
-52.90351687078435
-19.2752562030595
-25.070819566235283
-24.49448664333857
-42.916050220269106
-24.424719596109185
-47.274394110059085
-29.693540039177407
-43.46202974867391
-41.65615278545508
-29.306281741853144
-19.26603173490462
-41.232590793661934
-18.746342773111834
-41.30212868098803
-24.345120440252646
-38.286758180837516
-24.562700280903663
-17.774165630232634
-23.859315544215622
-34.7367417583462
-28.99882957587386
-31.022754736495283
-26.81341949897756
-12.728503706373466
-35.94969597894594
-36.68050416063745
-41.90849214558019
-23.941258392770926
-23.18615090126664
-48.39035457599086
-54.04546816658644
-41.61431206545961
-23.903859233508655
-24.234703192783357
-31.81272838214418
-41.65450542156234
-37.30088017109662
-27.846393233339448
-29.408976442760164
-33.46403806472753
-34.31300252846742
-29.89562326280589
-18.99382668787441
-31.599153381288893
-30.71102132317813
-41.88812549381942
-18.584004421523478
-43.449758312703494
-41.63396682230052
-36.171698721496355
-24.47536900650216
-29.430341341119185
-18.76520191127485
-29.7889163367927
-37.317700010363794
-28.812303870562
-36.073495900956964
