Overall logProb: -299.0833620255486
Seq probs: 
-3.858726517278058
-3.8277163217337606
-6.513376813492918
-3.8649285563869173
-3.8463224390603385
-8.488652414075995
-11.736654504754666
-6.595052521721997
-29.97951290094718
-10.517897068176753
-6.266633004287762
-6.537678142734487
-12.001286436904943
-6.515707908183865
-3.778100008862884
-8.889692416542985
-3.9145448692577935
-6.481036140690373
-3.8153122435160416
-3.7284836959920087
-11.702134991596616
-12.066483781669998
-3.8091102044071823
-10.346999092070991
-13.153875106650318
-6.552019112724777
-3.5920388355970996
-3.9207469083666524
-6.526879153373121
-10.396684976377772
-6.604700658454415
-6.50232015809585
-6.5280110724358895
-6.368946267805014
-6.52867507944851
-3.9703632212375286
-3.9517571039109507
-10.430976308752303
-6.470536034905912
-8.502789033065943
