Overall logProb: -335.71324880639116
Seq probs: 
-4.353081034988732
-4.397252120434882
-7.115061707165019
-4.279462559245162
-4.316271797116946
-10.155707125565034
-15.447687061311813
-7.299747967656596
-32.709719055884605
-11.40092247212228
-7.114034770477712
-7.133132641414415
-12.89702743449726
-7.146278966032986
-4.485594291327165
-9.902452651149538
-4.53712722434766
-7.03373632117331
-4.264738864096448
-4.272100711670804
-15.288823279219223
-13.007837783320792
-4.294186254393879
-11.48240897609632
-14.647915217694031
-7.225989352799581
-4.389890272860519
-4.419337663157946
-7.165934000814756
-11.08077603156613
-7.072822395951143
-6.9853697735574
-6.8274316958457995
-7.117468047718554
-7.216766916762122
-4.456146901029735
-4.360442882563093
-11.271641943115979
-7.375958867428369
-9.764963772817351
