Overall logProb: -307.29910820473657
Seq probs: 
-3.7715729976003662
-3.7715729976003702
-6.632883270181761
-3.8280463888267104
-3.9284435287846713
-9.030961175672768
-12.597151652977056
-6.72464908239372
-30.83073091317503
-10.575427422174304
-6.631744710344752
-6.8124751207208645
-12.186885235692177
-6.7588136151128975
-3.8531456738162038
-9.096147142624323
-3.8092219250846
-6.6866238489414345
-3.878244958805695
-3.790397461342486
-12.74140070523168
-12.113853656498272
-3.897069422547805
-10.769811742283515
-13.566965772722478
-6.7905156984378365
-3.909619065042552
-3.8782449588056944
-6.724158736153337
-10.684696231484223
-6.63330812773705
-6.875323032297444
-6.589449105796039
-6.730099307519473
-6.779958534437243
-3.871970137558321
-3.8154967463319744
-10.454309809489406
-6.595078566285255
-8.682639726204718
