Overall logProb: -366.07429928019656
Seq probs: 
-4.960736323114145
-4.9941137122493044
-8.409521108381014
-4.827226766573457
-5.102590226938613
-12.792541077903145
-9.128211701524046
-8.415128326265492
-40.76732893119088
-12.657165401380476
-8.419392642771887
-8.15632785931665
-13.899494825236886
-8.476930904429283
-4.977425017681719
-11.017974712800534
-4.727094599167941
-8.201247133434665
-5.027491101384477
-5.069212837803446
-9.132233206614492
-13.527695162645074
-4.8939815448438
-12.308411099235194
-14.817847449183807
-8.206992527722122
-4.919014586695169
-4.810538072005867
-8.375656480001386
-12.832400151731076
-8.375072347005373
-7.974037037958194
-8.362383159991877
-8.128794474405245
-8.505046667296533
-4.9690806703979264
-5.0692128378034464
-12.592387418829288
-8.54016165900341
-9.706197517279321
