Overall logProb: -300.0002190891597
Seq probs: 
-3.7460948240053025
-3.7151297334574696
-6.595737458708529
-3.783252932662694
-3.696550679128777
-8.70867295535106
-11.82720956624997
-6.518010950095503
-30.158685960396735
-10.480166902984035
-6.591222866244931
-6.6455266977031835
-12.039537709454208
-6.527286548516799
-3.894727258634863
-8.91277094382358
-3.746094824005302
-6.555504081221511
-3.7646738783339884
-3.6903576610192146
-11.697756733475064
-12.022630112364645
-3.975236494059209
-10.455592752368121
-13.26467436131044
-6.398592196247616
-3.609848425594867
-3.7584808602244273
-6.5427085661544675
-10.287702332745248
-6.6157273242655315
-6.610105494107246
-6.600937336180183
-6.643950797130973
-6.551714253865233
-3.838990095648774
-3.8823412224157368
-10.44171444489884
-6.592706964146383
-8.611593889959078
