Overall logProb: -359.75893326399296
Seq probs: 
-4.9033486148487215
-5.107100706169104
-8.020267803849753
-4.869389932961992
-4.996734990037239
-12.175463467986756
-9.109942452998167
-8.225392259702014
-40.32487415022034
-12.038342216951367
-8.072809794980756
-8.05153256030746
-13.15832170045951
-7.928003241771287
-4.945796967207138
-10.857105845833056
-5.098611035697423
-8.09684036446332
-5.039183342395646
-4.937307296735452
-9.047641516802132
-13.501096870622533
-4.835431251075266
-12.40022702588595
-14.460177063948882
-8.315455172122386
-4.954286637678819
-4.920327955792078
-7.789872243071114
-12.45678451246353
-8.278076109391257
-8.190903377181453
-8.440125667763885
-7.982821788758905
-8.249328855015474
-5.107100706169103
-4.979755649093864
-11.948591695254919
-7.840410951843954
-10.104149468481053
