Overall logProb: -424.2679699667926
Seq probs: 
-7.253214496514663
-7.161723949581261
-10.487069712236966
-7.070233402647837
-6.898688627147685
-15.377816324180808
-3.3769609987895834
-10.77357856217695
-34.86557937328099
-14.435641074786503
-10.502098820334036
-11.006015061223538
-15.415075240499444
-10.352717903594693
-7.0931060393811896
-11.35626330116413
-6.875815990414329
-10.93569178134818
-6.910124945514358
-6.88725230878101
-3.3389988966911925
-15.722008458548272
-6.92156126388103
-14.855913185643189
-16.43954791945391
-10.382454281636889
-7.138851312847898
-6.818634398580949
-10.751270037746261
-14.661683593827938
-10.53850356333699
-10.201931011467599
-10.552514447608111
-10.310886991754183
-10.752670255890273
-6.750016488380874
-7.070233402647837
-14.413225976365856
-10.223038024411165
-11.389358542474033
