Overall logProb: -336.41823110302056
Seq probs: 
-4.6131286615338265
-4.295339551554635
-7.135272498023271
-4.457929328753293
-4.54661466177074
-10.20167018198144
-15.369629117035307
-7.237215214711302
-32.495361895910854
-11.309192670248182
-6.965919476199003
-7.265373987221123
-12.778903943589704
-7.0833884696841745
-4.23621599620967
-9.766147125756182
-4.664861772460672
-7.188662251776829
-4.33968221806336
-4.457929328753293
-15.551243837694205
-12.852270399007303
-4.162311552028463
-11.366902239866796
-14.426361175216288
-7.187767673589136
-4.450538884335171
-4.317510884808999
-7.315289974727792
-11.394226852595146
-7.333955249910385
-7.423524502336332
-7.281594796438767
-7.044928134797944
-7.032754153127687
-4.502271995262015
-4.354463106899601
-11.260858115846947
-7.121865092661561
-9.629154130633212
