Overall logProb: -351.91252692593383
Seq probs: 
-4.50024474862457
-4.773990303991342
-7.881876234769979
-4.765938964127619
-4.757887624263877
-11.2422380995542
-15.166855073313247
-7.849399283398349
-34.73072363209352
-12.057479624966543
-7.7943025543998985
-7.7715654420395515
-12.885897511802135
-7.81679089793267
-4.693476905354056
-10.44805498396568
-4.725682264808971
-7.810019535931968
-4.765938964127612
-4.701528245217786
-15.381195448754697
-12.904569666470584
-4.540501447943215
-11.618969251754072
-14.360114886034644
-7.696674440259922
-4.492193408760837
-4.548552787806943
-7.861546930855765
-11.673773915320929
-7.874585447212373
-7.591554824266184
-7.43769061192857
-7.771164500723983
-7.591604637992726
-4.669322885762864
-4.637117526307959
-11.83874333347214
-7.597312788508159
-8.685447291113704
