Overall logProb: -348.3304353872029
Seq probs: 
-4.338376361245369
-4.4833550047360555
-7.31239573983069
-4.346006816165931
-4.605442283465055
-10.693740258863832
-17.429103786854505
-7.3438671984583115
-33.69901633594119
-11.295318772836007
-7.481036690447727
-7.300825538183571
-13.038994094648684
-7.554300743935093
-4.368898180927618
-10.065498635355478
-4.506246369497744
-7.469793393376385
-4.475724549815491
-4.513876824418307
-17.90273775223004
-13.026791347451113
-4.521507279338868
-11.323994676567837
-14.274049889184019
-7.592123254950868
-4.635964103147305
-4.689377287591244
-7.579766218091002
-11.178833608463627
-7.471892660032907
-7.512362462970878
-7.340355836596461
-7.419258494056134
-7.348391936532814
-4.643594558067869
-4.62070319330618
-11.508935494833302
-7.567749726789649
-9.850228027997758
