Overall logProb: -351.4345037986096
Seq probs: 
-4.528941657724346
-4.644311900088148
-7.591554164104334
-4.6981513465245905
-4.5827811041607855
-10.627382899083187
-17.359033599444015
-7.14911370209567
-33.844085993690044
-11.780398312289664
-7.2265192482505265
-7.560660463721685
-13.172708392042235
-7.344982058493893
-4.698151346524591
-10.273352073098561
-4.482793560778822
-7.55067691275809
-4.482793560778819
-4.4443368133242185
-17.42133520550713
-13.228905220298047
-4.790447540415636
-11.928265768865733
-14.542566133114384
-7.340080696997708
-4.598163803142627
-4.45971951230606
-7.406505673077857
-11.864942702463216
-7.5074489562804025
-7.34826340964908
-7.457157116443487
-7.307254525866091
-7.373456702380557
-4.759682142451955
-4.736608093979194
-11.89126876009522
-7.402347200847652
-10.027355525451382
