Overall logProb: -316.3197116749875
Seq probs: 
-4.087517206268878
-3.963006304030418
-6.792299263146497
-4.087517206268881
-4.260449014933417
-9.35923560218104
-13.029950302165277
-6.824449839966281
-30.836121105469406
-10.999935275239789
-6.698921449676232
-6.883646732874219
-12.407327291275703
-6.918696013356309
-3.949171759337257
-9.288947177689975
-4.094434478615463
-6.812498791796284
-4.198193563814182
-4.142855385041531
-12.877717518210089
-12.359260763329832
-4.163607202081277
-10.91143437850453
-13.78128295762518
-6.975684039012917
-4.205110836160766
-3.9768408487235813
-6.783164595362861
-10.88735230810448
-7.00336283501822
-6.82695798580883
-6.898780839328097
-6.928876518012382
-6.845207991349716
-4.156689929734694
-4.288118104319746
-10.794213529832964
-7.034423130294715
-8.986451601025657
