Overall logProb: -325.45649584758
Seq probs: 
-4.303186586724267
-4.3103771164672935
-7.132272027685091
-4.209709700064908
-4.454187711327846
-9.657782111365075
-14.112459989794912
-7.066283149380601
-31.3448275647045
-11.008320140199475
-6.83876274948318
-6.787584497249404
-12.782927783651436
-6.772765799601964
-4.310377116467294
-9.767833527267488
-4.303186586724267
-7.012009990614397
-4.295996056981238
-3.9724222185449967
-14.064327116125641
-12.578842140657557
-4.2600434082661005
-11.071273019970668
-14.083792815127516
-7.007255086134062
-4.475759300556929
-4.216900229807936
-6.9151465896115605
-10.900864497120086
-7.102554051950779
-7.043618783906028
-7.048562403566591
-6.985970852454082
-7.060832955596481
-4.446997181584819
-4.28880552723821
-11.217871104382409
-7.09869120308608
-9.145115156136809
