Overall logProb: -325.2497123703778
Seq probs: 
-4.2136168827797595
-4.328082216168624
-7.107239725473172
-4.371006716189443
-4.192154632769352
-9.60607111529513
-13.92378887240468
-6.997281466173228
-31.60866502802634
-11.143213899382014
-7.0786508658857645
-6.993186607506492
-12.47687970295751
-7.006870793889261
-4.378160799526248
-9.39996174937551
-4.206462799442959
-7.128617318368825
-4.413931216210262
-4.349544466179034
-13.971887395992134
-12.51301952409542
-4.1563842160853355
-11.226598370256701
-13.518971980101831
-7.073719661967676
-4.428239382883873
-4.3137740494950165
-6.917264603018195
-11.125899311656243
-7.0461209424414974
-6.972904209456141
-7.103017121113163
-7.044627561459183
-7.05760249956611
-4.471163882904691
-4.356698549515836
-10.942793616566492
-6.908639194962928
-9.176999422835674
