Overall logProb: -530.4603060284422
Seq probs: 
-17.566507109805947
-17.90373566619142
-7.9082997612438835
-13.989571154051214
-17.20618591028385
-11.298237569418696
-12.372355257853046
-13.13439521779285
-11.394935381658348
-12.874110334657336
-12.45378252485131
-12.416989476001007
-12.068903456883334
-21.626220002647823
-17.59377766297074
-10.900118078351023
-11.360556646180209
-22.4633543562517
-10.451808174783148
-11.607149769673926
-7.653439343162337
-11.897464030889221
-12.64545845649223
-11.410929295434498
-14.97515660461313
-11.990646693322168
-7.7296181563653015
-14.777624920090386
-12.360632940056316
-8.74042890118017
-14.387490123295963
-11.743137390212736
-18.785161580918533
-14.618588968229673
-15.516915986520091
-11.38971752987957
-15.475872386391154
-15.858450947541458
-7.769967975448286
-12.142610286848239
