Overall logProb: -643.7052164139457
Seq probs: 
-19.854174746473664
-20.784576704281427
-10.853495258695773
-16.673258404679945
-20.039081799449463
-14.844795151483464
-16.054937285557276
-15.905575433867995
-14.883942696693891
-15.979469785869037
-15.864728643120184
-15.943904726305759
-15.105522932551468
-25.77188378515502
-20.625011176079806
-13.439853967703904
-14.584745122147053
-23.219216382137883
-12.218086637806614
-15.015928639658226
-10.535420883139775
-15.17684933318529
-16.234725213120967
-14.312338042374327
-17.780073953819908
-15.40059483592631
-10.633950941937124
-16.072601745170022
-15.762038978358802
-11.729570819266586
-18.387126468406336
-15.563832436007395
-22.119763740844945
-16.26225314753822
-16.00794809822514
-14.565486559043173
-16.526266466122554
-16.28898913240983
-10.587701908942552
-16.095494430388467
