Overall logProb: -695.2619130420468
Seq probs: 
-21.26268574425014
-22.265104028493155
-12.323071363448095
-17.91201730361394
-21.229211413587645
-16.6650063300986
-17.725156692453737
-17.334138344186144
-16.24526087291425
-17.38785640000374
-18.18151283531903
-17.897002204230887
-16.94496788246925
-25.464025729600316
-21.618793440335896
-14.25310533149118
-16.298537404878584
-24.243092288816975
-13.404799244880541
-16.835482114966776
-12.646051387007276
-17.246274771030954
-18.037113484178178
-16.311491616488798
-17.792947613383173
-17.035320648940186
-12.743060551088375
-16.262019245249842
-18.34528508752165
-13.153073115588228
-20.760564653617006
-17.060975063546916
-24.0760580837734
-15.996079996917189
-14.575084750763583
-16.351866962084586
-16.719920663120554
-14.297300426637479
-12.205106728774917
-18.155491222295502
