Overall logProb: -647.3025692802865
Seq probs: 
-23.267242700410275
-21.791904842171423
-13.03352628719117
-16.486191969802093
-22.503250940399433
-18.49108942754249
-16.324779574137818
-18.38048154308265
-18.22986053862321
-18.082771499196376
-16.115279279245797
-15.950867348648297
-17.358790932217694
-16.1341254876383
-22.671670534936258
-4.5219126544958606
-17.840974915544756
-29.318059482297308
-15.326335002490078
-18.751084975117028
-15.56912018286912
-18.443909204583242
-16.230506439357153
-18.612090713518374
-9.502785765876794
-19.20016520726899
-15.379740903544123
-8.711429445812009
-16.46767679500648
-2.6459235216567447
-16.771012890190402
-18.88521934296362
-20.772555074051844
-8.862515367170454
-10.295851396808127
-18.221000375601438
-9.802550607015835
-10.594315217504045
-15.727905096400024
-16.026095797899362
