Overall logProb: -692.8465554515009
Seq probs: 
-21.61651403991621
-22.594511077692985
-12.026232884495357
-17.832150138756415
-21.36008726071103
-16.38818775104092
-17.927718124136167
-17.590114130442732
-16.18439535278293
-17.522705520673295
-17.927102955347944
-17.673725948819484
-16.71630131857219
-25.012604719320546
-21.748621976447527
-14.950664339024785
-16.240564799034054
-24.030586982531688
-13.353569836851056
-17.100946806756994
-12.278303033941647
-16.960240191175032
-17.48609838729453
-16.232353066647917
-18.254120336583576
-16.617535880396552
-12.359112697359084
-16.696042437926376
-17.509724946851446
-13.218245624443801
-19.99732834120348
-17.025930439261575
-23.027414534117405
-16.581882110566458
-14.690272755431645
-16.031423352607472
-16.711774800298084
-14.930220909182685
-12.429509470423172
-18.0117161724344
