Overall logProb: -582.4615537627066
Seq probs: 
-18.709047225717082
-18.929170681952968
-9.101144166092073
-15.066379805525017
-18.018450357186815
-12.567599125651466
-13.932855800416196
-14.316505962228282
-12.589732283417224
-14.025285995755258
-13.862996818828861
-13.728591450603984
-13.891572290667586
-23.28211382754022
-19.04270996088221
-12.287140034417495
-12.698858148512084
-22.4804530793916
-11.27928618266471
-13.192710610359839
-8.96170294366199
-13.206522306793458
-14.031376171912235
-12.704434473716137
-15.977531452975187
-13.3901759270811
-8.893868682555095
-16.32384334016901
-13.778851975056451
-10.242131189899895
-16.36642038125249
-13.324437860174665
-20.36283557084804
-16.216905984022826
-16.872545347024904
-12.67491569272443
-16.26933844363994
-16.990293169151954
-9.012256527167866
-13.858562515067765
