Overall logProb: -485.05683857500657
Seq probs: 
-16.756831634498973
-17.310243529058262
-6.809698174483246
-13.243036980164415
-16.36755335248913
-10.16777613037235
-10.896116485160809
-12.255082434887177
-10.154163761018184
-12.15954789405653
-11.131928841800516
-10.996191740246706
-11.122542918835135
-19.907981381388204
-16.60078707592718
-9.982880266377194
-10.101157477926092
-23.281699040963982
-9.877869179666972
-10.62961293190828
-6.819423210286313
-10.497511868651202
-10.961245650042425
-10.100915385958395
-14.110716031329668
-10.597097013951853
-6.7391879541629995
-13.313900724648892
-10.99446162568866
-7.337621831615338
-12.621709171036102
-10.484485514629872
-17.668805786296502
-13.513558153066365
-14.05410257752957
-10.189561474526016
-13.496913521630058
-13.962853640804674
-6.733925884295509
-11.106140323626896
