Overall logProb: -462.13060348003205
Seq probs: 
-16.57054120715078
-17.284885098714636
-6.619677135887994
-13.020096469320231
-16.065315833807738
-9.654790614146119
-10.508048450207466
-12.049489826588694
-9.646122819575357
-12.033223119733
-10.488676685595731
-10.622018188226146
-10.64262559364769
-18.57814879786595
-16.284185997623794
-8.950431046828726
-9.66068192052138
-23.074005407066227
-9.715927442120996
-9.923540452687984
-6.393532714848641
-10.030203569910212
-10.546521965004242
-9.729071803010369
-12.907474300480335
-9.994193023934162
-6.366750691865177
-12.195814195895775
-10.473450778563254
-6.240991666599357
-11.772052245607625
-10.06743751050878
-16.962600751022357
-12.11791970272832
-12.960197284947487
-9.661257481789029
-12.541909026378054
-12.852879872758065
-6.44010731892534
-10.483805467938884
