Overall logProb: -532.3869709937517
Seq probs: 
-17.642829518787227
-18.00418388808387
-7.798913960179712
-14.209123469717733
-17.121967278534953
-11.552966751092255
-12.286932136506486
-13.278444929282221
-11.379395896608
-12.9159599918996
-12.488735606692613
-12.399452926905344
-12.491153236850282
-21.60582827770394
-17.688048695693542
-10.898960135924348
-11.446091950487018
-22.628935614787988
-10.460426551285046
-11.836229497602597
-7.775353218527708
-11.96915209819676
-12.37895566536467
-11.506603678592871
-15.099468158175418
-11.89034276707346
-7.718187131463194
-14.578697793622617
-12.536629491809233
-8.600415858570393
-14.288954471336956
-11.99143428529341
-18.745646873601267
-14.506461605846772
-15.900853501248488
-11.319460991989681
-15.457249491589373
-15.633065780272544
-7.948788555493698
-12.406669261058532
