Overall logProb: -576.1793089541075
Seq probs: 
-18.598598217904286
-18.782192552663016
-8.870118290736475
-15.01902160034577
-18.180893629358703
-12.507511568461325
-13.506576738130182
-14.091695302604773
-12.507803101965262
-13.849296032802862
-13.551535502181105
-13.83020249741506
-13.740434601968854
-22.493458184840716
-18.879381353217983
-12.34844017066222
-12.550591331007649
-22.566494563921015
-11.042891613352293
-12.99409315651308
-8.830096945700468
-13.24408520523468
-13.80934802216528
-12.494588578339126
-16.36546890057938
-12.993908513568945
-8.500538818044928
-16.143812791997927
-13.718057851714498
-10.058412811267157
-16.17234235252931
-13.244548436699228
-19.690276293002388
-16.23060382967986
-16.685291490401042
-12.502614416701372
-16.766378630220487
-16.427938256000733
-8.758463460498692
-13.63130333970933
