Overall logProb: -462.5709278150747
Seq probs: 
-16.56223986260967
-17.21826797424257
-6.64862083170702
-13.044938666007091
-16.023424504341463
-9.738304074443526
-10.519081654895205
-11.988736308387125
-9.729022142928775
-12.038876016001174
-10.482748158440529
-10.443966348366095
-10.782433172845682
-18.529309425289668
-16.250469599020374
-8.929623885011154
-9.724626493147873
-23.032387256506556
-9.79288123840139
-10.125920416930429
-6.354722255422067
-10.068652725406709
-10.457892468605692
-9.740662564504216
-13.162500308253685
-10.061908335383366
-6.4138651910177575
-12.054011339508548
-10.561594141648985
-6.135230669952551
-11.744588510015376
-10.102626641233815
-17.13015980328736
-12.129846158194079
-12.831312593598089
-9.764945357185185
-12.582219703456628
-12.871156607622412
-6.36543870693838
-10.431715704316472
