Overall logProb: -485.41296732372786
Seq probs: 
-16.742026081029458
-17.457660418314603
-6.874178008573995
-13.287834070280915
-16.252996955808243
-10.094578225200197
-11.063850932642376
-12.345622331134887
-10.186767141822685
-12.163623501207883
-10.993957589932558
-11.104179545733487
-11.132629100523665
-19.98384663700983
-16.6576737734014
-10.017282484286895
-10.175177719630053
-23.2836412990623
-9.921766056358367
-10.474186843153694
-6.707761800632935
-10.450139529107128
-10.897316183674361
-10.084509083571671
-14.336100549908952
-10.55437597715792
-6.700614875269441
-13.447849294945469
-11.039472262399178
-7.190841443538151
-12.64297936694513
-10.429345206531615
-17.775060060859946
-13.434588019576186
-13.989210082686837
-10.15348530442187
-13.753021935719559
-13.871058910939063
-6.791056605422794
-10.950702115312206
