Overall logProb: -667.8455149812509
Seq probs: 
-20.68491848717715
-21.050896963791203
-11.183033892125449
-16.86938555475669
-20.669640503907786
-15.5671885554016
-16.441570147084633
-16.72056476628681
-15.217411863165209
-16.429282398194577
-16.387170005255676
-16.221236257836853
-15.286002187136903
-25.390566914840225
-21.183201391869208
-13.47406269671362
-14.925100433891252
-23.479208459603402
-12.755900979717902
-15.598888739918307
-11.469151497759832
-15.928041794781775
-16.600572214602934
-15.102563823837851
-17.223340238462512
-15.89481380492221
-11.355849564403197
-16.846934012824935
-16.46091577283614
-11.373344590688555
-18.559244199668665
-15.651834336444976
-22.903610011147645
-17.235111208129243
-19.007539120128282
-15.03627775589024
-18.200858761442014
-19.63844573264178
-11.474948615362784
-16.346886726600694
