Overall logProb: -630.2905702321463
Seq probs: 
-21.626230860326377
-21.171693316237675
-12.462772689816884
-17.36407302789808
-21.855256550005283
-16.7076548093673
-12.731251994814098
-16.741033300637742
-16.551107258477852
-17.519148671352333
-12.72702858468509
-13.091941748612511
-17.265207029815173
-15.625595769082818
-21.962233000943083
-10.387924095329245
-16.27884173407488
-29.477526423496602
-13.064276960216333
-17.5939914141771
-13.07667860327264
-17.169473432663466
-12.860778648090484
-16.666905193640947
-15.347549282089904
-17.27493405414389
-13.389457696201234
-13.2589841823631
-13.215085023049369
-8.806057771352998
-13.057279129650023
-17.20101247880635
-18.08096821186643
-13.445392631488033
-13.901634347751788
-16.770208793267507
-14.108371904974309
-14.179824226941658
-13.316814055752827
-12.958371325412728
