Overall logProb: -1392.0590748924656
Seq probs: 
-33.863191542722696
-34.49807485450017
-17.084953564145486
-42.616809271843415
-34.13887737147034
-40.10458485792782
-50.594394136345336
-17.649872010749945
-50.439853422384516
-44.99982456632261
-17.5177141299013
-27.878249744218493
-39.98415583229836
-40.29635753494902
-48.10922179263431
-33.85898176289471
-29.71098882794073
-46.85945873901551
-17.414301730082194
-32.333580604922545
-33.56429982714724
-28.800205906742256
-48.11671251424899
-37.91553978775868
-28.92643943975264
-48.45039131040851
-37.00545659785514
-26.372356463098463
-48.36884544683466
-17.603423890527058
-45.54595889119864
-30.572306786644294
-28.755473956252285
-17.435999403707335
-28.79538819543036
-44.454290062326066
-46.38980787763729
-47.06266888322192
-30.397087032106388
-17.57297632229802
