Overall logProb: -1518.2420950404874
Seq probs: 
-36.60281160806062
-37.76293569932554
-18.951380755561242
-46.46605432061295
-37.06375338994097
-43.35203271613855
-53.28102836710784
-20.582553963343884
-53.39627531684381
-47.52076331970346
-20.652145892120817
-31.19667705948688
-43.461205527797915
-43.075630799736466
-51.495789614230574
-37.35860905817234
-33.14287830667899
-50.84465775348596
-20.707608938828876
-34.90163583301599
-36.40748704708248
-32.456651633190184
-51.4960207755401
-41.7863671279312
-32.08566140685108
-51.4775456654454
-39.894679669746665
-29.279160227308534
-52.097784827653044
-20.654803472986877
-49.11766073566895
-34.670892693846376
-31.976155889183953
-20.91299989431384
-32.33763687263712
-47.01303038683226
-48.62676407795388
-50.99156572763866
-32.21543294422395
-20.927365724259346
