Overall logProb: -1552.5117833666031
Seq probs: 
-37.21070645674395
-38.658161434325706
-19.606196563745257
-47.16252689209901
-38.18001105692817
-44.18583880312591
-52.92992557399727
-21.49831782065829
-53.97314122593346
-47.85834553351601
-21.493012654390125
-32.49717620939044
-44.47878194434313
-44.25761160947549
-51.469657332577846
-38.02617500928024
-34.48724060501579
-51.88907514906209
-21.526258373531157
-35.74549107029932
-37.806673945527656
-34.17265644979354
-52.844713032477294
-42.40022857743588
-33.182314625967784
-52.03682878434028
-41.1504751295116
-30.0580685101543
-52.822498611998014
-21.534840692547824
-50.02568920901943
-36.3338423301132
-33.11402494591393
-21.77287711615488
-33.97369456258146
-46.56476427255476
-49.41505579379692
-51.34881486230096
-33.365766675939696
-21.45430392003501
