Overall logProb: -1657.6569954922923
Seq probs: 
-40.35409600839916
-41.42399762111843
-21.21880462413761
-49.01799400713156
-40.70249355927075
-48.43229146638448
-55.450675139262145
-23.730417216749817
-55.78683265173897
-50.49121744885048
-23.672666863133536
-35.62148184673189
-48.375885724295465
-47.499561403644506
-54.01284065772155
-40.58307377899295
-37.005817770453504
-54.50825681326751
-23.515785609429336
-39.25615297745077
-40.4681388146712
-36.28732238846422
-56.161921146241475
-43.64328360435831
-35.73997264931416
-54.42841012650413
-43.378479602600166
-33.01714978284507
-55.6120306628745
-23.652624563829157
-53.90699023269583
-38.862037416446924
-35.447874230635605
-23.310744319424032
-36.40581081768831
-49.82653105260289
-52.71869400044057
-54.99549369866437
-35.65934876828904
-23.473794425538102
