Overall logProb: -1550.1351132298464
Seq probs: 
-37.10584189507314
-38.33680411662506
-19.2803695887432
-47.69217318061987
-37.94460503731887
-44.3251941293998
-53.60346677472245
-21.39125021081392
-54.27883436726138
-48.11722417799326
-21.3536566557526
-32.269824798508715
-44.18120519098846
-43.90476350194679
-52.25333997373372
-37.924766243481955
-34.510945720750414
-51.86128894630059
-21.292598939672967
-35.854152970261424
-37.39361151217353
-34.09838335126709
-52.1229586983262
-42.44411498816869
-32.64681582607792
-52.169408386828586
-40.91802561808667
-30.105978185016518
-53.422901445767
-21.250012605363544
-49.69518699584119
-35.82410258941821
-32.497423379721106
-21.645331348860672
-33.70835098916118
-47.04995427691362
-49.57866605781262
-51.83453257318834
-32.90655570261729
-21.340492279267874
