Overall logProb: -1635.8193901251418
Seq probs: 
-39.01626410179362
-40.46711614399167
-22.452725889538794
-48.8043228883752
-39.456414279950046
-47.32545421422201
-55.049424878703846
-22.904713078361894
-57.44909130657263
-50.31713219874419
-22.73285895373875
-34.73801464746167
-47.8730654591814
-46.9408885002696
-53.31683639115918
-40.237614248088235
-36.35823220740568
-54.12876496881085
-22.640249310963107
-39.97206497350474
-40.2908556495906
-36.389397331032534
-53.41399804635546
-44.0634634689109
-35.19325848959225
-54.17766969388672
-42.08892858840174
-31.814100118857255
-55.759890893771676
-22.474470895599094
-53.06638085475231
-37.6293902309432
-34.64400463475166
-22.79790624138299
-36.527236063641844
-48.96049772527396
-51.786995209606985
-54.99447987760779
-34.8180195183482
-22.74719795199766
