Overall logProb: -1464.843375131668
Seq probs: 
-35.312302415157255
-36.2893843282063
-18.28451917627698
-45.08494190881013
-35.65571747576617
-41.74193407866972
-52.39854452717813
-19.55907860905641
-52.50480344961996
-46.912127256307556
-19.528442752535508
-29.833241652575754
-42.117723761821594
-41.79074765523653
-49.6297290167578
-36.08991321742071
-31.705528316299556
-49.1510429219
-19.411417292962213
-33.95979776397753
-35.33942362331802
-30.955867828494302
-50.01700303329257
-39.244311603348976
-30.565859600511253
-49.95547675099695
-38.655954786294934
-27.943685817261134
-50.4516113393305
-19.507592362302947
-47.59489549957717
-32.6692602926505
-30.66332753922999
-19.25573803745075
-31.168917354914576
-45.770106365779824
-47.744627403918514
-49.23691404374878
-31.74916906590432
-19.39269520680562
