Overall logProb: -1707.0003870184905
Seq probs: 
-43.64936612500835
-43.591048831251456
-23.509883230759087
-46.491090976472435
-44.72280971000413
-50.056386010413995
-50.60058381822656
-27.57038082360354
-52.375453835607296
-46.059220857720284
-27.651454782096152
-38.01867218017366
-50.09292641256668
-49.44588994169906
-53.000339024674616
-37.95649053477151
-39.7337263116454
-55.970276195756476
-27.339309802381102
-37.9233418605567
-43.12078212865025
-37.904991914207265
-54.98693280679885
-43.54589205569841
-38.79559910897062
-52.284277763651936
-46.198837061703124
-37.07706114739422
-54.09342729977788
-27.516859996591727
-55.5420965407353
-41.674192744668375
-38.50105076130133
-27.774093171802562
-38.44116680512049
-49.21393491893651
-53.52142956921763
-55.84168950684579
-37.27530360183175
-27.932116849197918
