Overall logProb: -1586.703079877255
Seq probs: 
-43.40740223069246
-39.32566904550976
-22.133657989767062
-44.33765503560428
-42.446518986046
-45.00165778543716
-46.065192764042585
-25.89234670351318
-46.79088702222111
-42.87490738866963
-26.12256563015056
-36.87499513449195
-45.31582594455042
-47.01454542463617
-46.675772132410074
-31.823601025433142
-39.5662341579506
-51.30204309466532
-26.025886174231186
-34.33192069335955
-41.702279797271615
-38.548610613238125
-50.244895661508316
-40.05511047472565
-34.16832127068962
-48.80163437047995
-46.06495866195104
-35.28903582212974
-51.030742820156206
-25.765771914517043
-49.88678190408622
-39.779594798645505
-34.260400525797195
-26.13478288553606
-39.15799617369267
-42.413487605336265
-50.141116569045636
-50.84894697469486
-33.103519387713405
-25.975807282657478
