Overall logProb: -1513.1134878800297
Seq probs: 
-36.590126374583896
-37.5211654575961
-19.053873145152398
-46.40702408341427
-37.11030884789382
-43.3499300954059
-52.98375732695124
-20.452858536223037
-53.31480422058333
-47.51336041043918
-20.70471721568794
-30.741323157933042
-43.2902149907709
-43.217826164009665
-51.12092858834497
-37.29615635202274
-33.00161771413338
-49.87382830772486
-20.633720679333525
-34.93922111082264
-36.62186175707842
-32.36920921803893
-51.069048595700494
-41.3921912395562
-32.08565099591884
-51.52211196139377
-39.8959578693739
-28.80429964852214
-51.73317754453004
-20.653708605635394
-48.95825035775211
-34.23159910218815
-31.887533126191673
-20.594240038230176
-32.67540819227162
-46.98923541390597
-48.87283675502441
-50.459141508116744
-32.647315952773305
-20.533947218800375
