Overall logProb: -1625.6921446884437
Seq probs: 
-38.743504411890704
-40.14375838498562
-20.97355575394522
-49.28423607073831
-38.89306693364838
-46.5744649173404
-54.12607125069445
-23.19164155230971
-55.98911091938517
-49.40060454656107
-22.599887036967615
-34.51027771368287
-46.734980690405074
-46.25316305201314
-54.13928645954041
-39.63056612042902
-36.58957792428962
-53.74107456002975
-22.979198197163257
-38.130602248196666
-39.56942295088281
-36.09952908070512
-54.337885163613656
-43.940170890022905
-34.58275496629432
-54.56913618113131
-42.99335976796369
-31.75656391842508
-55.37666663301213
-23.06160303484728
-51.939146536054864
-37.825975190436196
-34.568813005824495
-22.80128652605208
-36.370745046555506
-49.249103327067886
-52.04618066198434
-53.767429570432284
-35.155906249023836
-23.05183724389691
