Overall logProb: -1655.990828252109
Seq probs: 
-39.56536196629035
-41.38095165690497
-22.255400426741186
-48.024550591112266
-40.07121334529925
-48.25005324895199
-54.98386767618632
-23.249764010726523
-56.28889851051878
-51.05524073378218
-23.321967817044808
-35.417316048490356
-48.11606332493949
-47.61901911601105
-53.01177678421504
-40.450234009647986
-36.707572399351385
-54.91299274542115
-23.293270256502606
-40.07629785262271
-40.37182631110266
-36.534714611535215
-55.694678799605626
-44.68692522391305
-36.10451813356072
-53.726653082693645
-43.72183408996646
-32.86747561265981
-56.15001836595848
-23.332841757581708
-53.48321291971985
-39.03420788160818
-35.91593379029584
-23.264877087931254
-36.408978352722215
-49.69670381503538
-52.89348795365967
-55.008946617152894
-35.97593373422386
-23.065247590422274
