Overall logProb: -1461.9981781202566
Seq probs: 
-35.4076465043154
-36.244309376164885
-18.115344608898006
-44.809460264904544
-35.56492371325253
-41.9805365176302
-51.877259719375424
-19.386406074606583
-52.17932656907803
-46.30337950844156
-19.269163301150122
-29.69413797570818
-41.970594756290296
-41.91621812634937
-50.04228575033066
-36.12370627692069
-31.499505450826483
-49.1316952939674
-19.405795273868634
-33.94103900436059
-35.37220515991135
-30.892095481767665
-49.625209446729166
-39.71364777129868
-30.77531102037292
-50.04880530861617
-38.66089847060536
-27.79998067295201
-50.304953530761175
-19.405935264437343
-47.5214105057458
-32.82898582044528
-30.69082831868489
-19.391333697613682
-30.69002176326101
-45.5108807986898
-47.708609712052564
-49.24728342143558
-31.48979112235302
-19.457256766083542
