Overall logProb: -1391.9452530906703
Seq probs: 
-34.04096734970111
-34.46396139249235
-17.186382956070357
-42.95804224278343
-33.94254660708134
-40.067236307660714
-50.68731747143609
-17.444575773635094
-50.54830268949335
-45.67585986881001
-17.393718966359106
-28.090654051642048
-40.1903440035774
-40.284594090516535
-48.05089521585471
-34.000173833936984
-29.55610630918421
-46.93121378245607
-17.56721682874344
-32.155698560313525
-33.68143606862165
-28.505475250061703
-48.11603587381107
-37.769962551924465
-28.750235682161307
-48.09408717787221
-37.038006284005895
-26.39913669852503
-48.496642920316376
-17.446597123434948
-45.80762266929084
-30.379698978596323
-28.81112109158633
-17.444376491698453
-28.705312761311134
-44.631870756163735
-46.16669177483691
-46.76244896128301
-30.28308739112401
-17.41959828229703
