Overall logProb: -1788.9941679068638
Seq probs: 
-29.26507988241024
-39.16892136942494
-46.736500830081056
-59.99435291864741
-46.16938226761663
-46.007282361095214
-41.54087300563862
-57.29267385273046
-64.31956033952753
-51.724809055872285
-21.695319830119686
-53.84176925177408
-33.609590843389746
-40.857500132675945
-48.43129198412791
-56.7766870731046
-50.8975392148899
-37.40973346747098
-56.105681788809775
-46.732503996196094
-28.09025486719537
-39.08253803843644
-47.88304426765726
-38.562641973767036
-57.64903239403312
-58.63597981194061
-57.320693644347514
-57.01888368557735
-51.79970401265544
-51.48068960218509
-51.977241181830756
-47.170126133732964
-38.13721250370502
-33.410020364841536
-17.82283616533366
-27.22540459751119
-37.61696850768828
-51.97731404401295
-28.855200385129162
-38.70132825968
