Overall logProb: -1210.4972321441617
Seq probs: 
-17.498876319545207
-31.650884667706897
-27.54446037441257
-26.790965713539574
-22.474470470837897
-54.70864231243384
-29.491997426527064
-31.882839949640108
-25.510501611102367
-23.723904432460877
-23.33052328976438
-28.110284149983677
-27.826173819012453
-26.8161031101522
-48.091500762890554
-43.452156274505775
-17.619694973153713
-26.722713869579383
-18.012698168860585
-23.04242238476148
-33.571636347787894
-36.31317787581351
-24.33961880921129
-26.90176926766971
-52.59632086996133
-36.114625531966
-25.014332558179344
-13.205099565592253
-15.438443466078759
-17.232374324176313
-30.375251540517365
-34.55572516464219
-47.23909855024846
-54.20432765331884
-40.472096261621104
-42.857521233734275
-30.10856750488077
-29.690562007076892
-23.48363549878269
-22.481234032031903
