Overall logProb: -1684.0681529096812
Seq probs: 
-26.585350880038412
-35.72590169776281
-43.0450561094599
-58.10473267541325
-43.37190333186543
-42.90579914253888
-38.58557241556387
-55.353445197896356
-62.959913323205186
-48.1779424359429
-18.675303617119525
-50.79270455077827
-31.23578520358481
-39.201312445370334
-47.57502385584536
-55.564730006861495
-51.517316146443704
-34.27156361210301
-53.433165675281735
-44.63610826304628
-24.717488748758555
-35.73966185205845
-44.15216585857044
-36.8875185178831
-54.97428049396582
-55.81964506317871
-54.818588425983194
-55.42322131808965
-48.989149065238664
-48.417055711522025
-48.69461229928086
-43.836918490685335
-34.702825898780084
-31.44777353788049
-14.362319816089641
-23.76259969720616
-35.22165793838594
-48.52295053737294
-26.48278941694762
-35.376299635681846
