Overall logProb: -1420.682383930067
Seq probs: 
-22.89522646047785
-35.915126476742834
-33.744387858980765
-34.0164000585095
-28.72651416228209
-60.48739200203812
-34.353191001018224
-37.28926592268173
-29.03584930945269
-27.53379371585451
-28.396084945512026
-34.29112719007984
-33.84591481613139
-33.86642192690525
-53.34406261641415
-50.322928458064794
-23.04763587404731
-34.01726673196539
-23.470238230446572
-27.928771979476473
-36.02543342757751
-41.99974583781463
-28.44605007554328
-33.76139801408012
-57.9105597038842
-40.31591327597388
-29.63930096011367
-18.153353993148627
-17.130439871563038
-23.43922563976241
-35.29557200467409
-41.14180769307845
-50.91718014131167
-58.871515521793334
-45.97914191431412
-47.75551642126475
-34.906903162876
-35.1381947764966
-28.56213920320947
-28.765392554505652
