Overall logProb: -1885.79564622415
Seq probs: 
-32.45060556842318
-42.208296881681136
-49.864015214765544
-60.91741585106957
-48.87314995189025
-48.207159414572345
-43.49490478645562
-59.94135760123161
-65.56236482427276
-53.37612378341804
-23.7287378292439
-55.46222066327169
-36.206279019268486
-43.94227472521948
-49.784270750968496
-59.53050539923241
-54.97886669813418
-38.92185477312874
-57.42483029229143
-50.196051936053294
-30.891101587190406
-42.14655517795632
-50.54721279364894
-42.022876492090404
-59.70623807422616
-60.793780235807716
-59.60295002987166
-59.90587918679928
-54.2514043622339
-53.91910010766286
-54.480893123870004
-49.3223938219612
-40.97380085950419
-36.2698018863881
-19.165615210254717
-29.693671713115467
-39.62270708611
-53.908120567907446
-31.602972409069494
-41.897285533889956
