Overall logProb: -1607.667237168952
Seq probs: 
-25.20734743217275
-33.841957483461925
-40.43997047510266
-55.94394184891572
-40.99068608224937
-41.19115352764701
-36.33786070629018
-53.051104674967036
-61.14307841745593
-46.41664065910835
-17.665381980246863
-48.52344174673857
-29.667347673974273
-37.45932485183977
-45.17533885360734
-54.05182022908289
-49.72205634998483
-32.21925976004395
-52.0210447520285
-42.63505959691362
-23.067373136659914
-33.846705472638035
-41.800474978129124
-35.293505836596296
-52.33469980240962
-53.382935185541754
-52.501305160346504
-53.63212669422887
-46.97484976039274
-46.25304494096575
-46.59060388538226
-41.62246024124178
-33.02977372492056
-30.032668150689556
-13.430040534281336
-22.59716778189684
-32.87056561634929
-46.24457838246
-25.01503977220352
-33.44350100978675
