Overall logProb: -1885.8237449600445
Seq probs: 
-29.568889408134755
-43.38763458285284
-48.71198413119175
-52.653307775331754
-43.41667531998028
-47.47012897344869
-40.33976746615653
-54.68529481251553
-67.37893301245975
-51.6400935036605
-31.872770682801416
-50.08520611407698
-41.61327365049164
-46.21533342741719
-46.91892103711685
-63.71313375789612
-54.230139639859786
-36.9533757441734
-52.34615323589698
-53.40076255937915
-38.09174145477862
-43.843246269790704
-46.581759523625365
-48.38801058557262
-58.37978938161828
-55.41074707775019
-57.68112977522716
-62.92244259119369
-51.4222526996829
-52.73777847452532
-53.284276764363575
-44.933897557887526
-45.269628804659
-38.35650926834962
-27.797966445057426
-38.10508360854864
-38.107288405508385
-51.55204105809087
-32.77899576387872
-43.577380615093425
