Overall logProb: -1685.7896948987338
Seq probs: 
-26.58929732616567
-35.89327077056635
-42.97996167074867
-58.00151094142549
-43.00637556491044
-43.20187351799569
-38.72559619612473
-55.46780836147314
-62.762895609763945
-48.31243941275672
-18.704072020418074
-50.710174418658255
-31.407210721478673
-39.100325124242886
-46.94156283481831
-55.64763677826725
-50.79021396338144
-34.17473669441478
-54.03488111631299
-44.61950643044488
-24.620272742377313
-35.82013680541951
-44.509307601674706
-37.12395539718631
-55.29858803174726
-55.76093992893439
-55.04515090877819
-55.73404643102326
-49.10348643116094
-48.557805543238366
-48.983557535177496
-44.041473278886
-34.84592855972145
-31.557302494910086
-14.338173503102405
-23.697922243481486
-35.121669362855926
-48.70016546243568
-26.32443974980602
-35.534023412448526
