Overall logProb: -1229.9577701400744
Seq probs: 
-17.930465603234747
-32.4158847419641
-27.764349437697668
-27.17337264147934
-22.831660229585587
-56.12070419738828
-30.033875895213935
-32.35970288105741
-26.105547590470565
-24.132659728123777
-23.83429740276862
-28.57284737672451
-28.376970491524776
-27.32205697592443
-48.223685206440564
-44.45224096749911
-17.670192139822014
-27.118870940505033
-18.401226165575988
-23.46440053638011
-34.122307240465226
-36.87916308049593
-24.827792731945365
-27.176537496193422
-53.11838468577462
-36.61206921783937
-25.64642699823546
-13.285797293629347
-15.85411967816347
-17.71760286243772
-30.71723367862029
-34.84414805167373
-47.915461677141344
-54.851334619867266
-40.95762731925646
-43.50600151068814
-30.447945874510175
-30.275007661170058
-23.93881394928104
-22.95898336330548
