Overall logProb: -1448.011357125459
Seq probs: 
-24.358115323791
-35.009493410958136
-35.073896114153165
-35.046763962119165
-29.50334312066859
-61.0297922978388
-35.20339081724735
-37.43448851506581
-29.833380729316413
-29.095637548548062
-28.628054310406
-35.277521793577414
-34.63239769268204
-34.8466015685416
-53.43043420627098
-49.765116347875356
-24.57342419533387
-35.20821349450462
-24.744203707946564
-28.149586733766355
-36.12203109039734
-42.714916861445225
-29.660347059485833
-35.03565291022434
-57.83726711669869
-40.45724734600943
-30.03361001031593
-19.977432911370713
-17.038385788015667
-24.911134774852496
-36.079635887867035
-41.426381311263455
-52.638316395202956
-58.408352774420905
-45.50333993081047
-49.18625822406619
-35.46010050649758
-34.89354261908471
-29.59961196070342
-30.183935756114973
