Overall logProb: -1907.2705904835761
Seq probs: 
-29.19779050081931
-43.25101190148614
-50.90259418566112
-60.2112149283911
-49.99583161353674
-48.93851655050978
-44.01896454346527
-61.35246409562081
-65.81722008261107
-54.21830166084645
-23.71239372569741
-57.14631103908829
-37.22647524471891
-44.619521866087176
-49.770618301025436
-58.680967833403166
-54.8775944602362
-39.070113526306145
-57.68833056547272
-50.54766483161416
-32.383886462025345
-42.81879199028941
-51.67614114084954
-42.85907785562115
-61.18421823337798
-61.955720462589696
-60.65485303544339
-59.83357128415118
-55.83980167797803
-55.32291967135541
-56.31876983003861
-49.99325832862993
-42.49842793629624
-36.273923135057316
-19.670897604619988
-30.420796746529174
-38.690150466810415
-55.12127435414059
-29.87948765883865
-42.630721152336655
