Overall logProb: -1588.4590171188988
Seq probs: 
-24.38001447117584
-41.14893269704615
-40.30456940643038
-41.06579598731859
-34.77746798361394
-59.50404162439574
-38.81566825332035
-40.45056283440201
-34.946652602650886
-32.062404459719865
-34.01283050843431
-38.366048308205535
-36.44078910239412
-40.280704032260275
-56.182680321333976
-51.47474478981784
-28.66399599592623
-40.54345687890368
-24.110731679619917
-33.320765422578425
-39.67139604105003
-47.64812066353699
-31.456143876752634
-40.61690289437295
-60.315911348595286
-46.46079379934172
-36.19392128364124
-24.637985036141156
-21.581497373206783
-31.164814115035746
-40.2338425444581
-40.41213321113469
-56.663542189103694
-59.868429394696754
-49.49342051594475
-47.89325812349563
-41.188778856372224
-39.64033794039754
-30.589482681608153
-31.875447870464857
