Overall logProb: -1438.822130577912
Seq probs: 
-21.766645638361464
-36.9533534338761
-33.812836966638805
-34.58570824184871
-28.522933323963315
-61.792025472767435
-33.8262493971583
-38.58160904492225
-29.88404922633937
-27.694981979437465
-29.04255435449349
-34.336638035096485
-33.58360488854332
-34.3202399183671
-55.48269764296267
-51.31037503056584
-22.926003027735593
-34.094920449366676
-22.329488331970946
-28.555876580914827
-36.41961160408151
-43.768893194216396
-28.77631030337
-33.97425613574755
-58.58610213675299
-42.182830752489906
-30.8778040676532
-17.716784850018932
-17.335077001937854
-23.09701406700091
-34.94362565700887
-40.88855732302305
-53.773060978571294
-59.495226727587436
-46.52651211696799
-48.864375254237785
-35.71986494201089
-35.800374389832015
-28.499995067000505
-28.173063023072842
