Overall logProb: -1337.5827042318526
Seq probs: 
-20.98798581113623
-34.017284892499255
-31.600608502198615
-31.03716908429796
-26.289297399838624
-58.341700094837705
-32.47084250545686
-35.14280077431716
-27.88860772638255
-26.040593149996756
-26.241842904038112
-31.706270102338568
-31.288960553899226
-31.02780016431693
-51.90781731981894
-47.70446949770657
-20.69323122061137
-30.739531369526453
-21.312478484047972
-25.401203650098115
-35.39259848962672
-39.98088848659386
-26.868322463803757
-31.069790338908653
-55.507930909179755
-38.730605473923134
-28.10640483528483
-16.191953676614908
-16.083197416383555
-20.912390478336107
-33.05811204097305
-37.812448472747434
-50.542575908814406
-56.420942729185796
-43.94617290143175
-46.20583617670854
-33.503388812721106
-32.61598956240523
-26.686146487037323
-26.106513363808784
