Overall logProb: -1340.0985199061668
Seq probs: 
-20.798133333116297
-34.49465806116327
-31.705381077525608
-31.362126402027982
-26.62944676390763
-58.09621048545743
-32.44300538049222
-35.29845101284015
-27.534500547772424
-25.87009813487625
-26.383064932934307
-31.577201471292895
-31.407146555059075
-31.09890296945497
-51.29228481860353
-47.78136112882148
-21.07639768627113
-31.289153714306266
-21.278227029247102
-25.743232189942074
-35.10326407187651
-40.07115901026065
-26.953194237608972
-30.997233110355644
-55.3160274377092
-38.53149481839815
-28.351831111047954
-16.77039156166592
-16.050032748237875
-21.256307852324994
-33.119002481936214
-38.038035152692814
-50.46365574998234
-57.22268519514686
-43.6604539046695
-46.353920240792625
-33.4041936323054
-32.71348991987319
-26.40311610640293
-26.160047867766895
