Overall logProb: -1634.7001910653964
Seq probs: 
-25.702107742802916
-34.66282290112021
-41.265534499596946
-56.89061467616805
-41.59187148935726
-41.80916282879078
-37.367875839198035
-53.86731016161619
-61.972552986612875
-47.27495689256286
-17.83180327106313
-49.34918114723353
-30.236765488140545
-38.10578773994311
-46.130834081771575
-54.63180628853654
-50.20197609954441
-32.73706011738306
-53.02536433781174
-43.58073510129577
-23.324970407852568
-34.705969401347275
-42.71255032602158
-35.86618022098363
-53.35243502755247
-54.17895429578479
-53.11016035875081
-54.3080690019988
-47.75005945738971
-46.96779381569532
-47.12436857823115
-42.54336638278731
-33.32477900833775
-30.481473911667027
-13.503618993130024
-22.874435942586437
-33.61753625408317
-47.136408264297174
-25.32738728363666
-34.25355044271349
