Overall logProb: -1636.7409805209456
Seq probs: 
-25.72996565490264
-34.51687276292621
-41.27625013541731
-56.80688851541293
-41.676673329271644
-41.7781060049565
-37.3258975997447
-54.113571432139196
-62.258109272547834
-47.10377079933379
-17.884231084522828
-49.58988663418042
-30.15025778366293
-38.26910960404025
-46.19808225547768
-54.59859785365195
-50.3147238483329
-32.97795817669563
-53.160111121049624
-43.60325300706875
-23.413831271158536
-34.54199368827789
-42.810957900167004
-35.8669124244818
-53.559672098484064
-54.162762921111664
-53.43746674364133
-54.34327789872117
-47.74734009959749
-47.166348505662825
-47.1584597638189
-42.31454824998697
-33.462392730078214
-30.609216023329214
-13.441693927681925
-22.871859778286847
-33.79239808141275
-47.19435623905737
-25.45057436341645
-34.06260093723745
