Overall logProb: -1231.0735362198877
Seq probs: 
-17.85633245626956
-32.836486373924906
-28.060515110013668
-27.10960417049745
-22.72838878227152
-55.94549843821482
-30.07406516828087
-32.35254672609037
-25.932106177364844
-23.914690470890488
-23.797332042193705
-28.66016522373727
-28.190079959900814
-27.132561929385826
-48.89508303877335
-44.6564365355904
-17.796561262704923
-27.082277826705305
-18.308587119177158
-23.34486962767996
-34.15194960656099
-37.0793789171414
-24.668299273185742
-27.093810128832757
-53.53458537894528
-36.6840118306852
-25.453836382966138
-13.292419103410838
-15.68314769785064
-17.57635535449051
-30.515667277724226
-35.007430918758686
-48.439778881500715
-54.649514128179774
-41.11776721224041
-43.49857343429378
-30.948656658541616
-30.23402591003488
-23.937138666215994
-22.833001018660923
