Overall logProb: -1457.4351076195628
Seq probs: 
-23.119971581643295
-36.967403268536714
-34.963883068884805
-34.75520544891457
-29.47086832503752
-61.58672806148473
-34.9985206952206
-38.604950202201934
-29.905754521719505
-28.229569683643916
-29.756548440826723
-34.76605393366391
-34.293124247783595
-35.00974454930074
-54.544766461925775
-51.23838027268059
-23.962925566093332
-34.346986325797594
-23.66666202986594
-29.311796618177105
-37.77257235374053
-43.48745698296336
-29.078020443147192
-34.67623708125612
-58.93332121561909
-41.910963066969806
-30.675925990990994
-18.756811797712217
-17.436966032580333
-24.168621037195827
-35.790154869496675
-41.42006444491625
-53.70597999691438
-59.529181294651245
-46.526321157407374
-48.986316302171794
-36.67711642534836
-35.99291075804291
-29.466677472637507
-28.94364559239737
