Overall logProb: -1259.3312013818709
Seq probs: 
-18.493412904561428
-33.43915778835812
-28.922045126436775
-28.1890909156294
-23.524550385685565
-56.72878430664718
-30.50529981448651
-33.33778561002841
-26.586557244878367
-24.29309731038957
-24.54237212909658
-29.10352836399827
-28.970298843383976
-28.177093953624286
-49.36169799382869
-45.59107210269891
-18.342678724447318
-27.96248462529458
-18.92544889695204
-24.10826238499856
-34.802763143524736
-38.29345278888814
-25.277128396091374
-28.082234980481285
-53.957921084055755
-37.49446754725428
-26.50658820856331
-13.78062858092935
-16.001173073528186
-18.260298923002726
-31.23333161937951
-35.69310633418846
-49.12600475978184
-54.86200435232695
-41.73331547925116
-44.36665950755022
-31.692501637460158
-31.064980076910512
-24.439417222406934
-23.55850424087143
