Overall logProb: -1212.2331556510974
Seq probs: 
-17.622866293360694
-31.709485664297684
-27.642630028176185
-26.773162754738006
-22.460050864426744
-54.47030799128237
-29.66462119347119
-31.858624794853277
-25.558042648421065
-23.76584158795925
-23.409997906838775
-28.123653118941824
-27.977110606280338
-26.853467410137192
-47.94148750427675
-43.57331206106282
-17.67178349546023
-26.769631857693135
-18.101380755380532
-23.022737637233874
-33.72639782689023
-36.60849093260737
-24.42954868369465
-26.90269454332411
-52.34363958631321
-36.24297506031839
-24.98173648573971
-13.127737662879913
-15.497607492297465
-17.356664606070012
-30.328447457741664
-34.45499922894963
-47.74873633691968
-53.99629327728268
-40.651065393914344
-42.56502475458323
-30.215848577819774
-30.002768291312332
-23.614161047182577
-22.468122230964894
