Overall logProb: -1604.8397498814734
Seq probs: 
-25.082342552072543
-33.90490498391268
-40.530780067283615
-56.18654295493466
-41.05949237977942
-40.72623172527431
-36.371546602377215
-53.17701920810219
-61.100506526654726
-46.36504551290942
-17.686511476330594
-48.34811424698171
-29.4765540899171
-37.33319431034701
-45.18941534567178
-54.0757776388664
-48.662716263035406
-32.397074251881335
-51.81584934548442
-42.74757253581718
-22.92626596322043
-33.74894187493414
-41.91894735026021
-35.44209488106308
-52.27319635337384
-53.090605915032555
-52.42355117409121
-53.523404644843744
-46.7031314792883
-46.31803547153136
-46.432665832389134
-41.309203628128856
-33.045481978255076
-29.975055942346525
-13.362447715550585
-22.673483004964822
-32.79408359878227
-46.198994248578664
-24.871961552608777
-33.571005254595995
