Overall logProb: -1893.3731797200603
Seq probs: 
-31.433756592589702
-42.34534209366117
-49.82348172468242
-61.49361338766359
-49.23382321768142
-48.56089977218555
-43.917967109037576
-59.38627646650698
-65.41346148689192
-54.24884423555233
-24.53184715731968
-56.51705740195653
-35.854307841080555
-43.77214566426949
-50.73847526132412
-58.75498065656735
-53.17905871313681
-40.201568579143284
-56.744041829100226
-50.21250567238912
-31.619930064391742
-42.62859268523222
-50.84908740200763
-41.63918774237468
-59.863344835780886
-60.018719007414646
-59.61637228664715
-60.073856226923475
-54.27043189848714
-54.5982229629233
-55.030175271319756
-50.251208817206034
-41.50211055114494
-36.272067767956194
-20.999454362194403
-30.40940424836152
-38.978854932695384
-54.769966773569145
-31.081495234667567
-42.53724178602252
