Overall logProb: -2101.0288255807536
Seq probs: 
-39.9124356660475
-48.46685391914569
-54.518680617705954
-64.75796838994424
-53.469485319256094
-51.684959105874654
-46.49841275583405
-63.523083275616855
-71.57834183995888
-58.110852022818115
-30.92313079519725
-61.10211107970052
-39.67607652065012
-49.602111856606776
-55.419128008516765
-65.29427683777186
-60.18056983893347
-45.91500676707651
-62.62980681455669
-52.53815346806562
-38.035769701609134
-48.12773513484511
-53.826494809090754
-48.27589493679848
-65.39262880360984
-64.58121819308525
-65.20246534399973
-66.30582670107083
-59.13033517155424
-58.38813662092119
-59.73936540833078
-54.60100688208289
-46.80043514640119
-44.23165866154398
-25.546059895593903
-38.22808539672216
-42.187288900163246
-58.234845934873256
-40.730527797193055
-47.66160124198697
