Overall logProb: -1795.4736824330903
Seq probs: 
-29.431176457817124
-39.1157136504118
-46.619797733248916
-59.48602521983598
-46.38398847620023
-46.152845336611804
-41.929965488470486
-57.361800998065384
-63.98635917759844
-51.60191411944018
-22.0687394086907
-53.84838288486555
-33.755067411649975
-40.396221946618375
-48.686412607878964
-57.18332198302399
-52.48948673855578
-37.69914186423079
-56.04819232071895
-47.077324858500546
-28.19596193128015
-39.30572705540048
-47.83033440673859
-39.0034910780576
-57.91678019973513
-58.13993809638215
-57.49217105692128
-57.61744507763329
-51.490128595155035
-52.036813310041666
-51.86154215196944
-47.238160975936225
-38.46952473453946
-33.99415653358508
-18.0923794613425
-27.34803803041024
-37.998944403278166
-52.11370677732076
-28.761400481953206
-39.245159392976355
