Overall logProb: -1261.918938830402
Seq probs: 
-18.529937456696484
-33.28585004038511
-28.79212978599948
-28.2026227789868
-23.520284545066815
-57.04201006596852
-30.33558636996075
-33.436241922468724
-26.53542603680649
-24.28456828772304
-24.543563195781882
-29.509182353571372
-28.84245772897917
-28.225173659866204
-49.54107530118375
-46.038711420148736
-18.271864965324127
-28.016756935698233
-18.879424347999453
-24.09419403083041
-35.226682288439335
-37.98159703108368
-25.150904543518415
-28.088519523289794
-53.844684711537596
-37.42515823603985
-26.549070093065144
-13.742286938750185
-16.086060626638076
-18.400768201274815
-31.419556712329552
-35.79745526522045
-49.01211165778051
-55.708581638539776
-42.02038137169143
-44.258908897879024
-31.72486147436712
-31.480217448919582
-24.660838918659962
-23.41323202193223
