Overall logProb: -1539.686231560124
Seq probs: 
-25.305292405909366
-38.49576179837953
-37.687170079740184
-38.83818061727021
-32.019697140240645
-62.11737340212363
-36.04379020844017
-39.709991832038746
-31.993232138346432
-31.024008849600598
-32.4499074798818
-38.86325111866133
-35.912106582452644
-39.09361631652971
-53.76150438944127
-50.9153592137608
-27.684576644931163
-38.28490125818595
-24.361101718561585
-31.435068563657236
-38.5310441861896
-44.20424238332277
-32.6240420765621
-38.308551502362135
-57.61083716792292
-46.01300596405104
-32.54780445352169
-22.08073890529463
-20.527781988208307
-28.612384409408705
-39.77078762591187
-42.368706777483354
-55.32795371956811
-60.121148160564765
-47.88470386553093
-46.33920679612946
-39.52319224959185
-38.44710570908739
-30.474604739198668
-32.37249712206098
