Overall logProb: -1913.0673035726456
Seq probs: 
-31.396489957150912
-43.512799563197376
-51.59373925116038
-61.08206101940046
-49.774060899028974
-47.92415639991285
-43.82748772852135
-60.08491901479619
-65.32640750006668
-54.66696046357784
-24.473911153991544
-58.00580128044504
-37.41965587240917
-45.57129400358188
-49.69528962595047
-59.18672034314262
-53.89126670360949
-40.22917659113391
-56.990134915758745
-50.75635992550683
-33.19985123023782
-43.063208743440036
-50.81426651316192
-42.96844666758409
-61.52312011461555
-61.225449461302475
-61.68725824965691
-60.51461340445104
-54.575951215353996
-54.3620629063978
-55.903890562183264
-50.4256469743782
-42.28612054930978
-37.814876179871945
-19.773041210834712
-30.5792867287223
-38.20234486878437
-54.7019286720198
-31.737506099478782
-42.29974100851772
