Overall logProb: -976.6597491678928
Seq probs: 
-21.635700560457675
-28.8036822875692
-32.76265537911383
-28.452623381051346
-22.052100631858767
-23.695762156979388
-45.80939859863461
-33.33442166764302
-32.168022406804866
-39.878021670096096
-7.314694662008583
-38.816769097474655
-8.783695404475354
-20.307828456380225
-38.426108848782654
-34.627398905109025
-20.99104384818663
-13.099318739195333
-21.117010227252358
-18.68364248955356
-19.544850717857603
-28.080172935763215
-14.011559996492762
-26.083332317175365
-22.087416518991915
-13.534708618000623
-33.203948023236386
-25.036170780978534
-17.44599336587522
-19.177903772364633
-22.107523026181486
-34.24887277623752
-18.177257317470293
-9.119759986042757
-25.11193426572908
-8.92074752986999
-17.94245552572514
-21.982480305613084
-37.486546593350475
-32.59621537630933
