Overall logProb: -976.6638397793848
Seq probs: 
-21.61105779563301
-28.92767432253948
-32.7356120266707
-28.440709739019002
-21.972601429816113
-23.660403688063525
-45.9163654159199
-33.50223972686352
-32.4595459098661
-39.9317167219551
-7.278802188789717
-38.91499234260598
-8.830064745521275
-20.040937667173413
-38.53134166940015
-34.36524285893514
-21.132440669988863
-13.074504788795927
-21.085913891556817
-18.826508158933386
-19.375104990831908
-28.000988846504743
-14.09120598379364
-25.927530271657574
-21.941418669027925
-13.547772540620697
-33.17134242430458
-24.85640141541994
-17.42499836724994
-19.130053305049803
-22.03744557566914
-34.22524514162014
-18.142909535735754
-9.046228824018824
-25.255649529057077
-8.895203550724741
-18.037547321145738
-21.96919797606518
-37.54223169920428
-32.806688053635966
