Overall logProb: -1076.105966325586
Seq probs: 
-23.94869872437816
-31.265424549581745
-35.555617384786075
-31.447462287658592
-24.312825103050336
-25.774311430889792
-49.03424841256554
-37.32881692042131
-35.55931705222787
-42.35345566808349
-9.736016328188589
-41.24241669476465
-10.45389918998738
-22.25575111717036
-41.12081340923766
-36.077840995817915
-24.361913074065164
-16.138104319186475
-24.393267989886052
-20.322311750776706
-20.888601949506818
-30.09042004537351
-16.75464110015426
-29.16023938537572
-24.364394084208577
-16.779453228547073
-36.19152669732038
-27.680899293168245
-19.469628852840273
-21.463611182905073
-24.546255891086034
-36.07746560422017
-20.857285161998753
-11.234833807156853
-26.86118456621641
-10.255987903726387
-20.085715661051434
-24.527840976809994
-40.631915537556026
-35.5015529936404
