Overall logProb: -1148.6570592010908
Seq probs: 
-25.10555187774751
-33.700367537643174
-38.122801887879426
-33.39313434933218
-25.82277774992184
-27.202962199371765
-51.2411221011236
-39.5370173177931
-37.68566493426777
-44.78491704345642
-11.325890930574547
-43.234867005129075
-11.830402300169292
-24.290169983041995
-43.913323864940665
-37.291482211159455
-26.5365017087099
-17.3979177523865
-26.46734574394119
-22.028576257027304
-22.025698161217896
-31.705061713550638
-17.801184488230447
-31.471320625101416
-25.782224200963277
-18.277161502657705
-38.855323402809205
-30.031643088884838
-21.367367972792835
-22.929718839805258
-25.999210735184107
-37.71176754429264
-22.26324610043761
-12.29505072389124
-29.619870301968156
-11.19441690400285
-21.45830639490349
-25.73368364491963
-43.078908677476946
-38.143099422384
