Overall logProb: -1219.2144140358403
Seq probs: 
-26.875656830547925
-37.754679001458825
-43.9736440980375
-36.59657414099157
-23.07703735618579
-29.180634485314492
-55.849473130989935
-43.253829280971175
-41.55417324782235
-51.24054522412779
-13.646730466045376
-45.089436685946
-10.672267781216663
-19.088395420720065
-48.82581960423502
-36.32155068027324
-35.024614677394375
-19.790404410142987
-34.978496078168284
-17.829206280138557
-17.289142700103
-34.16834930118369
-15.379465930456012
-38.56413769550684
-26.93072185968253
-17.436065896141244
-40.99554977261335
-38.14678892852309
-20.21762338000099
-23.82517812442498
-28.130358488918777
-39.799482565398506
-22.56766456346899
-12.23722354994125
-24.354008952491665
-12.420248079341944
-21.036593702789876
-28.062181687227383
-47.92864049759981
-39.10181947929814
