Overall logProb: -1011.2890445513443
Seq probs: 
-22.30730656531075
-29.711658549113462
-33.56439229327544
-29.5458092712356
-22.84554850912251
-24.17659416083717
-47.19208921158171
-34.68747500285524
-33.32213641383882
-40.768734905643754
-7.994615000252266
-39.87897774939297
-9.502028984147673
-20.957857013087647
-39.246174833916854
-35.3326010431914
-22.067854155456146
-14.104548985403579
-22.021366898279798
-19.48721357414097
-20.18879699857848
-28.636329032886398
-15.039636729438874
-27.133206616137514
-22.730147220932324
-14.650270995792178
-34.76355103862822
-25.74731563814711
-18.52831081395708
-19.706621813226082
-22.85619054553151
-34.81045848855711
-18.923893745053583
-9.774483361611484
-25.721051692061806
-9.250095776836668
-18.93733932292162
-22.696381395111874
-38.371406289414985
-34.10857391643599
