Overall logProb: -1209.2913961082018
Seq probs: 
-26.310403163615025
-35.77053676712193
-40.72114100749444
-34.92434470331736
-27.262358737832024
-27.876835574887508
-52.89685787267203
-42.05971705972506
-40.91727326954038
-46.665660047680326
-11.984904027769963
-45.518005701272195
-13.536245420048825
-26.320498800277655
-46.32006553902047
-38.50409615935834
-28.776603784567662
-18.781434702699592
-28.841807998832127
-22.743765581625905
-22.787797649092077
-31.80010793764223
-20.07787791937043
-34.14888414814386
-27.29190823696751
-19.101415958248456
-41.37528777910171
-32.176937624695526
-22.930195029285194
-23.452688587002466
-25.924202978780528
-38.63706704461491
-21.612147013805632
-13.216874988892938
-30.747000891121512
-11.658401624886999
-23.137864648923312
-26.138315475600283
-45.62164083919138
-40.72222381347603
