Overall logProb: -967.6546731899676
Seq probs: 
-21.56751029677712
-28.20881484042024
-32.42349926892555
-28.349953737380925
-21.97454443781487
-23.57757000647926
-45.633020240217995
-33.01137597758347
-32.017413282274994
-39.63774561648078
-7.587392716640918
-38.36778624082561
-8.587330229440203
-19.88987652217496
-38.06570994724814
-34.1082263040177
-20.841671919537042
-13.043383472813957
-20.872893052139
-18.49542652161514
-19.247644809193837
-28.042562969786086
-13.528362934131815
-25.63845070212614
-22.181151805873306
-13.215801621879013
-32.746816129502484
-24.43328038957521
-16.973920551095045
-19.178080472984373
-22.054983106133427
-33.90337615110664
-18.09641567918834
-9.28669544494839
-24.876242794556184
-8.759432200562904
-17.81289725475461
-22.062631871341168
-37.26396860612376
-32.09081306429696
