Overall logProb: -1073.1663473518483
Seq probs: 
-23.558238152560595
-31.131577115197942
-35.83044567173085
-31.049376766760233
-24.031002091391123
-25.831039446422164
-48.766180311801534
-36.85943230840822
-35.14137520038562
-42.55579702635563
-9.885726194177625
-41.141339687038815
-10.5517304931912
-22.082931283154156
-41.15555188829468
-35.98907642699914
-24.26968585698139
-15.966371989615828
-24.296380773498992
-20.48838833443765
-20.73559252326584
-30.290545740792094
-16.3880040869692
-29.36331374308327
-24.37962991251522
-16.717492477891444
-36.09838693249612
-27.62741382881547
-19.471134481843194
-21.524940916244034
-24.65887742934455
-36.006815245808895
-20.663494318622664
-11.299630389468266
-26.941999437725258
-10.147442244157924
-19.868296128292435
-24.241510671471683
-40.72387980569274
-35.43630001894452
