Overall logProb: -1211.0460242743986
Seq probs: 
-26.294056392155195
-35.25607867575678
-40.637785587910045
-34.685792293079594
-27.064716463367137
-27.57814166744578
-53.46766079683384
-42.25044760415962
-40.34415933564699
-46.4090658969586
-12.478018197437317
-46.66828593480754
-13.395253383570248
-25.79154567241272
-46.62216415378824
-37.48688874555587
-29.288945654757605
-18.81790313153331
-29.31632223539705
-22.908823897408826
-22.787399105065493
-32.427200738591594
-20.73742434628987
-34.197973097411825
-26.94387062695647
-19.484580501166317
-40.825860897187816
-32.02108188003865
-22.261099993248344
-23.231107251396683
-26.770988999485095
-38.46870586661147
-21.922533908827862
-13.436547634158249
-30.597864369425174
-11.904974239506975
-23.527877212854058
-26.270973533973315
-45.75848235253572
-40.707421999685
