Overall logProb: -1153.2860541517148
Seq probs: 
-25.124051159867953
-33.318311652729044
-38.63277649324147
-33.31574296483935
-26.00011350119445
-27.090832661002832
-51.523950538335924
-40.22995033827701
-38.104807776766094
-44.81862493492032
-11.663838669971186
-44.154569986316574
-11.88386408292476
-24.592260078249495
-43.91447106756493
-36.933182548073226
-27.051363982756172
-17.62318900427789
-27.02440617502691
-21.59160098969931
-22.191563493556377
-31.701021723475055
-18.180344666822524
-31.94370610776672
-25.99306170650456
-18.314090968236304
-38.72764406107027
-30.33775919233926
-21.318124503452054
-22.374972196543137
-26.365961538636952
-37.64844309885766
-21.52833766963942
-12.68204194884965
-29.226558964298246
-11.017836615448834
-21.632281826824574
-25.72200319965477
-43.35726470890067
-38.43112735480271
