Overall logProb: -1011.4200581458925
Seq probs: 
-22.270260070682365
-29.725594415136786
-33.85134164663763
-29.36530007990927
-22.921008008005206
-24.486259985605145
-47.12205705009973
-34.901087575152395
-33.15959273274193
-40.51730439307912
-8.210093336609852
-40.082686904709895
-9.502249144215837
-20.82830700323786
-39.13808827678614
-35.07921997305687
-22.123318010319284
-13.99182516202597
-22.172697607186667
-19.619460123108958
-20.09841539005162
-28.660693832450548
-15.142366614328516
-27.00849683319253
-22.76285459804802
-14.68402432994786
-34.54792335263219
-25.949680241898918
-18.37364190526822
-19.982087764172288
-22.719914617511886
-34.959007640200234
-18.80817602521333
-9.71232989458122
-25.78412788042075
-9.315519082694458
-18.71924879330457
-22.768988596013845
-38.431898512442544
-33.92291074321199
