Overall logProb: -1156.4253430554566
Seq probs: 
-28.164250890630964
-29.616476963921066
-39.69369540679785
-35.27668250401565
-27.177674479423054
-29.26627588127351
-48.23286346680549
-36.905760468258315
-43.14269031490439
-45.73973953683821
-14.458556631300508
-43.68979856683404
-10.103075185246299
-16.297944952366375
-44.07672086621174
-35.360071185020765
-29.805154896961756
-21.52780948702203
-29.918599836174103
-19.85550192825262
-18.69761942971874
-34.24566158064314
-10.473851586622548
-35.185242442814925
-27.867011076931202
-17.1979449683215
-37.39752611313227
-29.489294082404538
-19.02534374019634
-24.41893190369232
-28.344256734044272
-39.987848400239386
-23.777157482789896
-13.54087755314342
-23.25393693532411
-12.55907948514124
-19.805767461046827
-28.779754938191
-44.045062074871154
-40.02383161792914
