Overall logProb: -966.5783214589527
Seq probs: 
-21.62221445298522
-28.246554637972274
-32.405892976291355
-28.378827111275168
-21.940323871918306
-23.51635063349206
-45.4611892842013
-32.890912517908625
-32.02901310872551
-39.52677185639398
-7.550106851581135
-38.24623433211835
-8.634960844224805
-19.84170763691907
-37.82874848653156
-34.13121184176468
-20.924070116920696
-13.018266098074523
-20.865695160006705
-18.489546677647343
-19.281764798100674
-28.05159197507229
-13.513899616231972
-25.702932095014418
-22.003386179614346
-13.19197982372865
-32.71956095829001
-24.527628822318153
-17.073301043278285
-19.135274448640047
-21.983185723874403
-34.075055573577416
-18.07463776372287
-9.299856928485198
-24.700059846184583
-8.704525140805009
-17.71884381890962
-21.827260680026573
-37.316451293514135
-32.12852643261173
